Problem transportowy
Osobnik nr 1
 \	1.	2.	3.	4.	5.	6.	7.	8.	9.	10.	11.	12.	
1.	6	5	2	3	8	9	11	10	4	0	7	1		66+
2.	3	10	4	11	0	8	5	7	1	9	2	6		66+
3.	6	2	0	9	10	11	7	5	3	8	1	4		66+
4.	4	1	2	6	7	3	8	11	9	5	10	0		66+
5.	6	2	0	9	10	11	7	5	3	8	1	4		66+
6.	3	2	8	11	7	6	4	5	9	0	10	1		66+
7.	4	1	2	6	7	3	8	11	9	5	10	0		66+
8.	6	5	2	3	8	9	11	10	4	0	7	1		66+
9.	3	2	8	11	7	6	4	5	9	0	10	1		66+
10.	6	2	0	9	10	11	7	5	3	8	1	4		66+
														=660
	47+	32+	28+	78+	74+	77+	72+	74+	54+	43+	59+	22	=660

Tablica kosztów
 \	15	19	13	18	
20	3	6	8	4	
28	6	1	2	5	
17	7	8	3	9	

Tablica przewozów
Optymalne rozwiązanie
 \	15	19	13	18	
20	0	2	0	18	
28	0	15	13	0	
17	15	2	0	0	
Funkcja oceny: 246
 indexu = 7
Osobnik nr 2
 \	1.	2.	3.	4.	5.	6.	7.	8.	9.	10.	11.	12.	
1.	3	2	8	11	7	6	4	5	9	0	10	1		66+
2.	6	2	0	9	10	11	7	5	3	8	1	4		66+
3.	3	2	8	11	7	6	4	5	9	0	10	1		66+
4.	3	10	4	11	0	8	5	7	1	9	2	6		66+
5.	6	5	2	3	8	9	11	10	4	0	7	1		66+
6.	6	2	0	9	10	11	7	5	3	8	1	4		66+
7.	4	1	2	6	7	3	8	11	9	5	10	0		66+
8.	6	5	2	3	8	9	11	10	4	0	7	1		66+
9.	4	1	2	6	7	3	8	11	9	5	10	0		66+
10.	6	2	0	9	10	11	7	5	3	8	1	4		66+
														=660
	47+	32+	28+	78+	74+	77+	72+	74+	54+	43+	59+	22	=660

Tablica kosztów
 \	15	19	13	18	
20	3	6	8	4	
28	6	1	2	5	
17	7	8	3	9	

Tablica przewozów
Optymalne rozwiązanie
 \	15	19	13	18	
20	0	2	0	18	
28	0	15	13	0	
17	15	2	0	0	
Funkcja oceny: 246
 indexu = 7
Osobnik nr 3
 \	1.	2.	3.	4.	5.	6.	7.	8.	9.	10.	11.	12.	
1.	6	2	0	9	10	11	7	5	3	8	1	4		66+
2.	6	2	0	9	10	11	7	5	3	8	1	4		66+
3.	3	2	8	11	7	6	4	5	9	0	10	1		66+
4.	3	2	8	11	7	6	4	5	9	0	10	1		66+
5.	4	1	2	6	7	3	8	11	9	5	10	0		66+
6.	6	5	2	3	8	9	11	10	4	0	7	1		66+
7.	6	5	2	3	8	9	11	10	4	0	7	1		66+
8.	6	2	0	9	10	11	7	5	3	8	1	4		66+
9.	4	1	2	6	7	3	8	11	9	5	10	0		66+
10.	3	10	4	11	0	8	5	7	1	9	2	6		66+
														=660
	47+	32+	28+	78+	74+	77+	72+	74+	54+	43+	59+	22	=660

Tablica kosztów
 \	15	19	13	18	
20	3	6	8	4	
28	6	1	2	5	
17	7	8	3	9	

Tablica przewozów
Optymalne rozwiązanie
 \	15	19	13	18	
20	0	2	0	18	
28	0	15	13	0	
17	15	2	0	0	
Funkcja oceny: 246
 indexu = 6
Osobnik nr 4
 \	1.	2.	3.	4.	5.	6.	7.	8.	9.	10.	11.	12.	
1.	6	5	2	3	8	9	11	10	4	0	7	1		66+
2.	4	1	2	6	7	3	8	11	9	5	10	0		66+
3.	6	5	2	3	8	9	11	10	4	0	7	1		66+
4.	6	2	0	9	10	11	7	5	3	8	1	4		66+
5.	4	1	2	6	7	3	8	11	9	5	10	0		66+
6.	6	2	0	9	10	11	7	5	3	8	1	4		66+
7.	3	2	8	11	7	6	4	5	9	0	10	1		66+
8.	6	2	0	9	10	11	7	5	3	8	1	4		66+
9.	3	10	4	11	0	8	5	7	1	9	2	6		66+
10.	3	2	8	11	7	6	4	5	9	0	10	1		66+
														=660
	47+	32+	28+	78+	74+	77+	72+	74+	54+	43+	59+	22	=660

Tablica kosztów
 \	15	19	13	18	
20	3	6	8	4	
28	6	1	2	5	
17	7	8	3	9	

Tablica przewozów
Optymalne rozwiązanie
 \	15	19	13	18	
20	0	2	0	18	
28	0	15	13	0	
17	15	2	0	0	
Funkcja oceny: 246
 indexu = 2
Osobnik nr 5
 \	1.	2.	3.	4.	5.	6.	7.	8.	9.	10.	11.	12.	
1.	3	10	4	11	0	8	5	7	1	9	2	6		66+
2.	6	2	0	9	10	11	7	5	3	8	1	4		66+
3.	3	2	8	11	7	6	4	5	9	0	10	1		66+
4.	4	1	2	6	7	3	8	11	9	5	10	0		66+
5.	6	2	0	9	10	11	7	5	3	8	1	4		66+
6.	6	2	0	9	10	11	7	5	3	8	1	4		66+
7.	6	5	2	3	8	9	11	10	4	0	7	1		66+
8.	6	5	2	3	8	9	11	10	4	0	7	1		66+
9.	3	2	8	11	7	6	4	5	9	0	10	1		66+
10.	4	1	2	6	7	3	8	11	9	5	10	0		66+
														=660
	47+	32+	28+	78+	74+	77+	72+	74+	54+	43+	59+	22	=660

Tablica kosztów
 \	15	19	13	18	
20	3	6	8	4	
28	6	1	2	5	
17	7	8	3	9	

Tablica przewozów
Optymalne rozwiązanie
 \	15	19	13	18	
20	0	2	0	18	
28	0	15	13	0	
17	15	2	0	0	
Funkcja oceny: 246
 indexu = 7
Osobnik nr 6
 \	1.	2.	3.	4.	5.	6.	7.	8.	9.	10.	11.	12.	
1.	6	5	2	3	8	9	11	10	4	0	7	1		66+
2.	3	10	4	11	0	8	5	7	1	9	2	6		66+
3.	3	2	8	11	7	6	4	5	9	0	10	1		66+
4.	3	2	8	11	7	6	4	5	9	0	10	1		66+
5.	6	2	0	9	10	11	7	5	3	8	1	4		66+
6.	4	1	2	6	7	3	8	11	9	5	10	0		66+
7.	6	2	0	9	10	11	7	5	3	8	1	4		66+
8.	6	5	2	3	8	9	11	10	4	0	7	1		66+
9.	6	2	0	9	10	11	7	5	3	8	1	4		66+
10.	4	1	2	6	7	3	8	11	9	5	10	0		66+
														=660
	47+	32+	28+	78+	74+	77+	72+	74+	54+	43+	59+	22	=660

Tablica kosztów
 \	15	19	13	18	
20	3	6	8	4	
28	6	1	2	5	
17	7	8	3	9	

Tablica przewozów
Optymalne rozwiązanie
 \	15	19	13	18	
20	0	2	0	18	
28	0	15	13	0	
17	15	2	0	0	
Funkcja oceny: 246
 indexu = 7
Osobnik nr 7
 \	1.	2.	3.	4.	5.	6.	7.	8.	9.	10.	11.	12.	
1.	6	2	0	9	10	11	7	5	3	8	1	4		66+
2.	3	10	4	11	0	8	5	7	1	9	2	6		66+
3.	6	2	0	9	10	11	7	5	3	8	1	4		66+
4.	6	5	2	3	8	9	11	10	4	0	7	1		66+
5.	6	2	0	9	10	11	7	5	3	8	1	4		66+
6.	4	1	2	6	7	3	8	11	9	5	10	0		66+
7.	3	2	8	11	7	6	4	5	9	0	10	1		66+
8.	4	1	2	6	7	3	8	11	9	5	10	0		66+
9.	3	2	8	11	7	6	4	5	9	0	10	1		66+
10.	6	5	2	3	8	9	11	10	4	0	7	1		66+
														=660
	47+	32+	28+	78+	74+	77+	72+	74+	54+	43+	59+	22	=660

Tablica kosztów
 \	15	19	13	18	
20	3	6	8	4	
28	6	1	2	5	
17	7	8	3	9	

Tablica przewozów
Optymalne rozwiązanie
 \	15	19	13	18	
20	0	2	0	18	
28	0	15	13	0	
17	15	2	0	0	
Funkcja oceny: 246
 indexu = 3
Osobnik nr 8
 \	1.	2.	3.	4.	5.	6.	7.	8.	9.	10.	11.	12.	
1.	6	5	2	3	8	9	11	10	4	0	7	1		66+
2.	3	10	4	11	0	8	5	7	1	9	2	6		66+
3.	6	2	0	9	10	11	7	5	3	8	1	4		66+
4.	3	2	8	11	7	6	4	5	9	0	10	1		66+
5.	6	5	2	3	8	9	11	10	4	0	7	1		66+
6.	4	1	2	6	7	3	8	11	9	5	10	0		66+
7.	3	2	8	11	7	6	4	5	9	0	10	1		66+
8.	6	2	0	9	10	11	7	5	3	8	1	4		66+
9.	6	2	0	9	10	11	7	5	3	8	1	4		66+
10.	4	1	2	6	7	3	8	11	9	5	10	0		66+
														=660
	47+	32+	28+	78+	74+	77+	72+	74+	54+	43+	59+	22	=660

Tablica kosztów
 \	15	19	13	18	
20	3	6	8	4	
28	6	1	2	5	
17	7	8	3	9	

Tablica przewozów
Optymalne rozwiązanie
 \	15	19	13	18	
20	0	2	0	18	
28	0	15	13	0	
17	15	2	0	0	
Funkcja oceny: 246
 indexu = 4
Osobnik nr 9
 \	1.	2.	3.	4.	5.	6.	7.	8.	9.	10.	11.	12.	
1.	6	2	0	9	10	11	7	5	3	8	1	4		66+
2.	6	2	0	9	10	11	7	5	3	8	1	4		66+
3.	4	1	2	6	7	3	8	11	9	5	10	0		66+
4.	6	5	2	3	8	9	11	10	4	0	7	1		66+
5.	3	10	4	11	0	8	5	7	1	9	2	6		66+
6.	6	2	0	9	10	11	7	5	3	8	1	4		66+
7.	3	2	8	11	7	6	4	5	9	0	10	1		66+
8.	3	2	8	11	7	6	4	5	9	0	10	1		66+
9.	4	1	2	6	7	3	8	11	9	5	10	0		66+
10.	6	5	2	3	8	9	11	10	4	0	7	1		66+
														=660
	47+	32+	28+	78+	74+	77+	72+	74+	54+	43+	59+	22	=660

Tablica kosztów
 \	15	19	13	18	
20	3	6	8	4	
28	6	1	2	5	
17	7	8	3	9	

Tablica przewozów
Optymalne rozwiązanie
 \	15	19	13	18	
20	0	2	0	18	
28	0	15	13	0	
17	15	2	0	0	
Funkcja oceny: 246
 indexu = 9
Osobnik nr 10
 \	1.	2.	3.	4.	5.	6.	7.	8.	9.	10.	11.	12.	
1.	3	2	8	11	7	6	4	5	9	0	10	1		66+
2.	3	10	4	11	0	8	5	7	1	9	2	6		66+
3.	4	1	2	6	7	3	8	11	9	5	10	0		66+
4.	6	2	0	9	10	11	7	5	3	8	1	4		66+
5.	6	5	2	3	8	9	11	10	4	0	7	1		66+
6.	6	5	2	3	8	9	11	10	4	0	7	1		66+
7.	6	2	0	9	10	11	7	5	3	8	1	4		66+
8.	6	2	0	9	10	11	7	5	3	8	1	4		66+
9.	4	1	2	6	7	3	8	11	9	5	10	0		66+
10.	3	2	8	11	7	6	4	5	9	0	10	1		66+
														=660
	47+	32+	28+	78+	74+	77+	72+	74+	54+	43+	59+	22	=660

Tablica kosztów
 \	15	19	13	18	
20	3	6	8	4	
28	6	1	2	5	
17	7	8	3	9	

Tablica przewozów
Optymalne rozwiązanie
 \	15	19	13	18	
20	0	2	0	18	
28	0	15	13	0	
17	15	2	0	0	
Funkcja oceny: 246
 indexu = 5
Osobnik nr 11
 \	1.	2.	3.	4.	5.	6.	7.	8.	9.	10.	11.	12.	
1.	3	2	8	11	7	6	4	5	9	0	10	1		66+
2.	6	2	0	9	10	11	7	5	3	8	1	4		66+
3.	6	2	0	9	10	11	7	5	3	8	1	4		66+
4.	6	2	0	9	10	11	7	5	3	8	1	4		66+
5.	4	1	2	6	7	3	8	11	9	5	10	0		66+
6.	3	2	8	11	7	6	4	5	9	0	10	1		66+
7.	6	5	2	3	8	9	11	10	4	0	7	1		66+
8.	6	5	2	3	8	9	11	10	4	0	7	1		66+
9.	3	10	4	11	0	8	5	7	1	9	2	6		66+
10.	4	1	2	6	7	3	8	11	9	5	10	0		66+
														=660
	47+	32+	28+	78+	74+	77+	72+	74+	54+	43+	59+	22	=660

Tablica kosztów
 \	15	19	13	18	
20	3	6	8	4	
28	6	1	2	5	
17	7	8	3	9	

Tablica przewozów
Optymalne rozwiązanie
 \	15	19	13	18	
20	0	2	0	18	
28	0	15	13	0	
17	15	2	0	0	
Funkcja oceny: 246
 indexu = 6
Osobnik nr 12
 \	1.	2.	3.	4.	5.	6.	7.	8.	9.	10.	11.	12.	
1.	3	2	8	11	7	6	4	5	9	0	10	1		66+
2.	6	2	0	9	10	11	7	5	3	8	1	4		66+
3.	6	5	2	3	8	9	11	10	4	0	7	1		66+
4.	6	2	0	9	10	11	7	5	3	8	1	4		66+
5.	4	1	2	6	7	3	8	11	9	5	10	0		66+
6.	3	2	8	11	7	6	4	5	9	0	10	1		66+
7.	6	2	0	9	10	11	7	5	3	8	1	4		66+
8.	4	1	2	6	7	3	8	11	9	5	10	0		66+
9.	3	10	4	11	0	8	5	7	1	9	2	6		66+
10.	6	5	2	3	8	9	11	10	4	0	7	1		66+
														=660
	47+	32+	28+	78+	74+	77+	72+	74+	54+	43+	59+	22	=660

Tablica kosztów
 \	15	19	13	18	
20	3	6	8	4	
28	6	1	2	5	
17	7	8	3	9	

Tablica przewozów
Optymalne rozwiązanie
 \	15	19	13	18	
20	0	2	0	18	
28	0	15	13	0	
17	15	2	0	0	
Funkcja oceny: 246
 indexu = 9
Osobnik nr 13
 \	1.	2.	3.	4.	5.	6.	7.	8.	9.	10.	11.	12.	
1.	6	2	0	9	10	11	7	5	3	8	1	4		66+
2.	3	10	4	11	0	8	5	7	1	9	2	6		66+
3.	4	1	2	6	7	3	8	11	9	5	10	0		66+
4.	3	2	8	11	7	6	4	5	9	0	10	1		66+
5.	6	2	0	9	10	11	7	5	3	8	1	4		66+
6.	3	2	8	11	7	6	4	5	9	0	10	1		66+
7.	6	5	2	3	8	9	11	10	4	0	7	1		66+
8.	6	2	0	9	10	11	7	5	3	8	1	4		66+
9.	6	5	2	3	8	9	11	10	4	0	7	1		66+
10.	4	1	2	6	7	3	8	11	9	5	10	0		66+
														=660
	47+	32+	28+	78+	74+	77+	72+	74+	54+	43+	59+	22	=660

Tablica kosztów
 \	15	19	13	18	
20	3	6	8	4	
28	6	1	2	5	
17	7	8	3	9	

Tablica przewozów
Optymalne rozwiązanie
 \	15	19	13	18	
20	0	2	0	18	
28	0	15	13	0	
17	15	2	0	0	
Funkcja oceny: 246
 indexu = 8
Osobnik nr 14
 \	1.	2.	3.	4.	5.	6.	7.	8.	9.	10.	11.	12.	
1.	6	2	0	9	10	11	7	5	3	8	1	4		66+
2.	4	1	2	6	7	3	8	11	9	5	10	0		66+
3.	3	2	8	11	7	6	4	5	9	0	10	1		66+
4.	4	1	2	6	7	3	8	11	9	5	10	0		66+
5.	6	5	2	3	8	9	11	10	4	0	7	1		66+
6.	3	2	8	11	7	6	4	5	9	0	10	1		66+
7.	3	10	4	11	0	8	5	7	1	9	2	6		66+
8.	6	2	0	9	10	11	7	5	3	8	1	4		66+
9.	6	5	2	3	8	9	11	10	4	0	7	1		66+
10.	6	2	0	9	10	11	7	5	3	8	1	4		66+
														=660
	47+	32+	28+	78+	74+	77+	72+	74+	54+	43+	59+	22	=660

Tablica kosztów
 \	15	19	13	18	
20	3	6	8	4	
28	6	1	2	5	
17	7	8	3	9	

Tablica przewozów
Optymalne rozwiązanie
 \	15	19	13	18	
20	0	2	0	18	
28	0	15	13	0	
17	15	2	0	0	
Funkcja oceny: 246
 indexu = 8
Osobnik nr 15
 \	1.	2.	3.	4.	5.	6.	7.	8.	9.	10.	11.	12.	
1.	6	5	2	3	8	9	11	10	4	0	7	1		66+
2.	4	1	2	6	7	3	8	11	9	5	10	0		66+
3.	6	5	2	3	8	9	11	10	4	0	7	1		66+
4.	6	2	0	9	10	11	7	5	3	8	1	4		66+
5.	6	2	0	9	10	11	7	5	3	8	1	4		66+
6.	4	1	2	6	7	3	8	11	9	5	10	0		66+
7.	3	10	4	11	0	8	5	7	1	9	2	6		66+
8.	3	2	8	11	7	6	4	5	9	0	10	1		66+
9.	3	2	8	11	7	6	4	5	9	0	10	1		66+
10.	6	2	0	9	10	11	7	5	3	8	1	4		66+
														=660
	47+	32+	28+	78+	74+	77+	72+	74+	54+	43+	59+	22	=660

Tablica kosztów
 \	15	19	13	18	
20	3	6	8	4	
28	6	1	2	5	
17	7	8	3	9	

Tablica przewozów
Optymalne rozwiązanie
 \	15	19	13	18	
20	0	2	0	18	
28	0	15	13	0	
17	15	2	0	0	
Funkcja oceny: 246
 indexu = 0
Osobnik nr 16
 \	1.	2.	3.	4.	5.	6.	7.	8.	9.	10.	11.	12.	
1.	4	1	2	6	7	3	8	11	9	5	10	0		66+
2.	6	5	2	3	8	9	11	10	4	0	7	1		66+
3.	6	2	0	9	10	11	7	5	3	8	1	4		66+
4.	6	2	0	9	10	11	7	5	3	8	1	4		66+
5.	3	2	8	11	7	6	4	5	9	0	10	1		66+
6.	4	1	2	6	7	3	8	11	9	5	10	0		66+
7.	6	2	0	9	10	11	7	5	3	8	1	4		66+
8.	6	5	2	3	8	9	11	10	4	0	7	1		66+
9.	3	10	4	11	0	8	5	7	1	9	2	6		66+
10.	3	2	8	11	7	6	4	5	9	0	10	1		66+
														=660
	47+	32+	28+	78+	74+	77+	72+	74+	54+	43+	59+	22	=660

Tablica kosztów
 \	15	19	13	18	
20	3	6	8	4	
28	6	1	2	5	
17	7	8	3	9	

Tablica przewozów
Optymalne rozwiązanie
 \	15	19	13	18	
20	0	2	0	18	
28	0	15	13	0	
17	15	2	0	0	
Funkcja oceny: 246
 indexu = 7
Osobnik nr 17
 \	1.	2.	3.	4.	5.	6.	7.	8.	9.	10.	11.	12.	
1.	3	2	8	11	7	6	4	5	9	0	10	1		66+
2.	3	10	4	11	0	8	5	7	1	9	2	6		66+
3.	6	2	0	9	10	11	7	5	3	8	1	4		66+
4.	4	1	2	6	7	3	8	11	9	5	10	0		66+
5.	4	1	2	6	7	3	8	11	9	5	10	0		66+
6.	3	2	8	11	7	6	4	5	9	0	10	1		66+
7.	6	5	2	3	8	9	11	10	4	0	7	1		66+
8.	6	2	0	9	10	11	7	5	3	8	1	4		66+
9.	6	2	0	9	10	11	7	5	3	8	1	4		66+
10.	6	5	2	3	8	9	11	10	4	0	7	1		66+
														=660
	47+	32+	28+	78+	74+	77+	72+	74+	54+	43+	59+	22	=660

Tablica kosztów
 \	15	19	13	18	
20	3	6	8	4	
28	6	1	2	5	
17	7	8	3	9	

Tablica przewozów
Optymalne rozwiązanie
 \	15	19	13	18	
20	0	2	0	18	
28	0	15	13	0	
17	15	2	0	0	
Funkcja oceny: 246
 indexu = 9
Osobnik nr 18
 \	1.	2.	3.	4.	5.	6.	7.	8.	9.	10.	11.	12.	
1.	6	5	2	3	8	9	11	10	4	0	7	1		66+
2.	6	2	0	9	10	11	7	5	3	8	1	4		66+
3.	6	2	0	9	10	11	7	5	3	8	1	4		66+
4.	4	1	2	6	7	3	8	11	9	5	10	0		66+
5.	3	2	8	11	7	6	4	5	9	0	10	1		66+
6.	3	2	8	11	7	6	4	5	9	0	10	1		66+
7.	4	1	2	6	7	3	8	11	9	5	10	0		66+
8.	6	5	2	3	8	9	11	10	4	0	7	1		66+
9.	6	2	0	9	10	11	7	5	3	8	1	4		66+
10.	3	10	4	11	0	8	5	7	1	9	2	6		66+
														=660
	47+	32+	28+	78+	74+	77+	72+	74+	54+	43+	59+	22	=660

Tablica kosztów
 \	15	19	13	18	
20	3	6	8	4	
28	6	1	2	5	
17	7	8	3	9	

Tablica przewozów
Optymalne rozwiązanie
 \	15	19	13	18	
20	0	2	0	18	
28	0	15	13	0	
17	15	2	0	0	
Funkcja oceny: 246
 indexu = 0
Osobnik nr 19
 \	1.	2.	3.	4.	5.	6.	7.	8.	9.	10.	11.	12.	
1.	6	5	2	3	8	9	11	10	4	0	7	1		66+
2.	6	5	2	3	8	9	11	10	4	0	7	1		66+
3.	3	2	8	11	7	6	4	5	9	0	10	1		66+
4.	4	1	2	6	7	3	8	11	9	5	10	0		66+
5.	6	2	0	9	10	11	7	5	3	8	1	4		66+
6.	4	1	2	6	7	3	8	11	9	5	10	0		66+
7.	3	10	4	11	0	8	5	7	1	9	2	6		66+
8.	3	2	8	11	7	6	4	5	9	0	10	1		66+
9.	6	2	0	9	10	11	7	5	3	8	1	4		66+
10.	6	2	0	9	10	11	7	5	3	8	1	4		66+
														=660
	47+	32+	28+	78+	74+	77+	72+	74+	54+	43+	59+	22	=660

Tablica kosztów
 \	15	19	13	18	
20	3	6	8	4	
28	6	1	2	5	
17	7	8	3	9	

Tablica przewozów
Optymalne rozwiązanie
 \	15	19	13	18	
20	0	2	0	18	
28	0	15	13	0	
17	15	2	0	0	
Funkcja oceny: 246
 indexu = 0
Osobnik nr 20
 \	1.	2.	3.	4.	5.	6.	7.	8.	9.	10.	11.	12.	
1.	6	2	0	9	10	11	7	5	3	8	1	4		66+
2.	4	1	2	6	7	3	8	11	9	5	10	0		66+
3.	6	2	0	9	10	11	7	5	3	8	1	4		66+
4.	6	5	2	3	8	9	11	10	4	0	7	1		66+
5.	3	2	8	11	7	6	4	5	9	0	10	1		66+
6.	4	1	2	6	7	3	8	11	9	5	10	0		66+
7.	3	10	4	11	0	8	5	7	1	9	2	6		66+
8.	6	2	0	9	10	11	7	5	3	8	1	4		66+
9.	6	5	2	3	8	9	11	10	4	0	7	1		66+
10.	3	2	8	11	7	6	4	5	9	0	10	1		66+
														=660
	47+	32+	28+	78+	74+	77+	72+	74+	54+	43+	59+	22	=660

Tablica kosztów
 \	15	19	13	18	
20	3	6	8	4	
28	6	1	2	5	
17	7	8	3	9	

Tablica przewozów
Optymalne rozwiązanie
 \	15	19	13	18	
20	0	2	0	18	
28	0	15	13	0	
17	15	2	0	0	
Funkcja oceny: 246
 indexu = 3
Osobnik nr 21
 \	1.	2.	3.	4.	5.	6.	7.	8.	9.	10.	11.	12.	
1.	6	5	2	3	8	9	11	10	4	0	7	1		66+
2.	3	10	4	11	0	8	5	7	1	9	2	6		66+
3.	6	5	2	3	8	9	11	10	4	0	7	1		66+
4.	6	2	0	9	10	11	7	5	3	8	1	4		66+
5.	4	1	2	6	7	3	8	11	9	5	10	0		66+
6.	6	2	0	9	10	11	7	5	3	8	1	4		66+
7.	6	2	0	9	10	11	7	5	3	8	1	4		66+
8.	3	2	8	11	7	6	4	5	9	0	10	1		66+
9.	4	1	2	6	7	3	8	11	9	5	10	0		66+
10.	3	2	8	11	7	6	4	5	9	0	10	1		66+
														=660
	47+	32+	28+	78+	74+	77+	72+	74+	54+	43+	59+	22	=660

Tablica kosztów
 \	15	19	13	18	
20	3	6	8	4	
28	6	1	2	5	
17	7	8	3	9	

Tablica przewozów
Optymalne rozwiązanie
 \	15	19	13	18	
20	0	2	0	18	
28	0	15	13	0	
17	15	2	0	0	
Funkcja oceny: 246
 indexu = 2
Osobnik nr 22
 \	1.	2.	3.	4.	5.	6.	7.	8.	9.	10.	11.	12.	
1.	6	2	0	9	10	11	7	5	3	8	1	4		66+
2.	3	2	8	11	7	6	4	5	9	0	10	1		66+
3.	3	10	4	11	0	8	5	7	1	9	2	6		66+
4.	4	1	2	6	7	3	8	11	9	5	10	0		66+
5.	6	2	0	9	10	11	7	5	3	8	1	4		66+
6.	3	2	8	11	7	6	4	5	9	0	10	1		66+
7.	6	2	0	9	10	11	7	5	3	8	1	4		66+
8.	4	1	2	6	7	3	8	11	9	5	10	0		66+
9.	6	5	2	3	8	9	11	10	4	0	7	1		66+
10.	6	5	2	3	8	9	11	10	4	0	7	1		66+
														=660
	47+	32+	28+	78+	74+	77+	72+	74+	54+	43+	59+	22	=660

Tablica kosztów
 \	15	19	13	18	
20	3	6	8	4	
28	6	1	2	5	
17	7	8	3	9	

Tablica przewozów
Optymalne rozwiązanie
 \	15	19	13	18	
20	0	2	0	18	
28	0	15	13	0	
17	15	2	0	0	
Funkcja oceny: 246
 indexu = 8
Osobnik nr 23
 \	1.	2.	3.	4.	5.	6.	7.	8.	9.	10.	11.	12.	
1.	6	2	0	9	10	11	7	5	3	8	1	4		66+
2.	6	2	0	9	10	11	7	5	3	8	1	4		66+
3.	6	5	2	3	8	9	11	10	4	0	7	1		66+
4.	6	5	2	3	8	9	11	10	4	0	7	1		66+
5.	4	1	2	6	7	3	8	11	9	5	10	0		66+
6.	3	10	4	11	0	8	5	7	1	9	2	6		66+
7.	6	2	0	9	10	11	7	5	3	8	1	4		66+
8.	3	2	8	11	7	6	4	5	9	0	10	1		66+
9.	4	1	2	6	7	3	8	11	9	5	10	0		66+
10.	3	2	8	11	7	6	4	5	9	0	10	1		66+
														=660
	47+	32+	28+	78+	74+	77+	72+	74+	54+	43+	59+	22	=660

Tablica kosztów
 \	15	19	13	18	
20	3	6	8	4	
28	6	1	2	5	
17	7	8	3	9	

Tablica przewozów
Optymalne rozwiązanie
 \	15	19	13	18	
20	0	2	0	18	
28	0	15	13	0	
17	15	2	0	0	
Funkcja oceny: 246
 indexu = 3
Osobnik nr 24
 \	1.	2.	3.	4.	5.	6.	7.	8.	9.	10.	11.	12.	
1.	4	1	2	6	7	3	8	11	9	5	10	0		66+
2.	6	2	0	9	10	11	7	5	3	8	1	4		66+
3.	6	2	0	9	10	11	7	5	3	8	1	4		66+
4.	6	2	0	9	10	11	7	5	3	8	1	4		66+
5.	6	5	2	3	8	9	11	10	4	0	7	1		66+
6.	3	10	4	11	0	8	5	7	1	9	2	6		66+
7.	4	1	2	6	7	3	8	11	9	5	10	0		66+
8.	3	2	8	11	7	6	4	5	9	0	10	1		66+
9.	6	5	2	3	8	9	11	10	4	0	7	1		66+
10.	3	2	8	11	7	6	4	5	9	0	10	1		66+
														=660
	47+	32+	28+	78+	74+	77+	72+	74+	54+	43+	59+	22	=660

Tablica kosztów
 \	15	19	13	18	
20	3	6	8	4	
28	6	1	2	5	
17	7	8	3	9	

Tablica przewozów
Optymalne rozwiązanie
 \	15	19	13	18	
20	0	2	0	18	
28	0	15	13	0	
17	15	2	0	0	
Funkcja oceny: 246
 indexu = 8
Osobnik nr 25
 \	1.	2.	3.	4.	5.	6.	7.	8.	9.	10.	11.	12.	
1.	3	2	8	11	7	6	4	5	9	0	10	1		66+
2.	6	5	2	3	8	9	11	10	4	0	7	1		66+
3.	6	2	0	9	10	11	7	5	3	8	1	4		66+
4.	6	5	2	3	8	9	11	10	4	0	7	1		66+
5.	3	2	8	11	7	6	4	5	9	0	10	1		66+
6.	6	2	0	9	10	11	7	5	3	8	1	4		66+
7.	4	1	2	6	7	3	8	11	9	5	10	0		66+
8.	3	10	4	11	0	8	5	7	1	9	2	6		66+
9.	4	1	2	6	7	3	8	11	9	5	10	0		66+
10.	6	2	0	9	10	11	7	5	3	8	1	4		66+
														=660
	47+	32+	28+	78+	74+	77+	72+	74+	54+	43+	59+	22	=660

Tablica kosztów
 \	15	19	13	18	
20	3	6	8	4	
28	6	1	2	5	
17	7	8	3	9	

Tablica przewozów
Optymalne rozwiązanie
 \	15	19	13	18	
20	0	2	0	18	
28	0	15	13	0	
17	15	2	0	0	
Funkcja oceny: 246
 indexu = 1
Osobnik nr 26
 \	1.	2.	3.	4.	5.	6.	7.	8.	9.	10.	11.	12.	
1.	3	10	4	11	0	8	5	7	1	9	2	6		66+
2.	3	2	8	11	7	6	4	5	9	0	10	1		66+
3.	6	5	2	3	8	9	11	10	4	0	7	1		66+
4.	6	5	2	3	8	9	11	10	4	0	7	1		66+
5.	6	2	0	9	10	11	7	5	3	8	1	4		66+
6.	4	1	2	6	7	3	8	11	9	5	10	0		66+
7.	3	2	8	11	7	6	4	5	9	0	10	1		66+
8.	4	1	2	6	7	3	8	11	9	5	10	0		66+
9.	6	2	0	9	10	11	7	5	3	8	1	4		66+
10.	6	2	0	9	10	11	7	5	3	8	1	4		66+
														=660
	47+	32+	28+	78+	74+	77+	72+	74+	54+	43+	59+	22	=660

Tablica kosztów
 \	15	19	13	18	
20	3	6	8	4	
28	6	1	2	5	
17	7	8	3	9	

Tablica przewozów
Optymalne rozwiązanie
 \	15	19	13	18	
20	0	2	0	18	
28	0	15	13	0	
17	15	2	0	0	
Funkcja oceny: 246
 indexu = 2
Osobnik nr 27
 \	1.	2.	3.	4.	5.	6.	7.	8.	9.	10.	11.	12.	
1.	6	2	0	9	10	11	7	5	3	8	1	4		66+
2.	4	1	2	6	7	3	8	11	9	5	10	0		66+
3.	3	2	8	11	7	6	4	5	9	0	10	1		66+
4.	6	2	0	9	10	11	7	5	3	8	1	4		66+
5.	6	2	0	9	10	11	7	5	3	8	1	4		66+
6.	3	2	8	11	7	6	4	5	9	0	10	1		66+
7.	4	1	2	6	7	3	8	11	9	5	10	0		66+
8.	6	5	2	3	8	9	11	10	4	0	7	1		66+
9.	6	5	2	3	8	9	11	10	4	0	7	1		66+
10.	3	10	4	11	0	8	5	7	1	9	2	6		66+
														=660
	47+	32+	28+	78+	74+	77+	72+	74+	54+	43+	59+	22	=660

Tablica kosztów
 \	15	19	13	18	
20	3	6	8	4	
28	6	1	2	5	
17	7	8	3	9	

Tablica przewozów
Optymalne rozwiązanie
 \	15	19	13	18	
20	0	2	0	18	
28	0	15	13	0	
17	15	2	0	0	
Funkcja oceny: 246
 indexu = 7
Osobnik nr 28
 \	1.	2.	3.	4.	5.	6.	7.	8.	9.	10.	11.	12.	
1.	6	2	0	9	10	11	7	5	3	8	1	4		66+
2.	4	1	2	6	7	3	8	11	9	5	10	0		66+
3.	3	10	4	11	0	8	5	7	1	9	2	6		66+
4.	6	5	2	3	8	9	11	10	4	0	7	1		66+
5.	4	1	2	6	7	3	8	11	9	5	10	0		66+
6.	6	2	0	9	10	11	7	5	3	8	1	4		66+
7.	6	2	0	9	10	11	7	5	3	8	1	4		66+
8.	3	2	8	11	7	6	4	5	9	0	10	1		66+
9.	6	5	2	3	8	9	11	10	4	0	7	1		66+
10.	3	2	8	11	7	6	4	5	9	0	10	1		66+
														=660
	47+	32+	28+	78+	74+	77+	72+	74+	54+	43+	59+	22	=660

Tablica kosztów
 \	15	19	13	18	
20	3	6	8	4	
28	6	1	2	5	
17	7	8	3	9	

Tablica przewozów
Optymalne rozwiązanie
 \	15	19	13	18	
20	0	2	0	18	
28	0	15	13	0	
17	15	2	0	0	
Funkcja oceny: 246
 indexu = 8
Osobnik nr 29
 \	1.	2.	3.	4.	5.	6.	7.	8.	9.	10.	11.	12.	
1.	6	2	0	9	10	11	7	5	3	8	1	4		66+
2.	6	2	0	9	10	11	7	5	3	8	1	4		66+
3.	3	10	4	11	0	8	5	7	1	9	2	6		66+
4.	4	1	2	6	7	3	8	11	9	5	10	0		66+
5.	3	2	8	11	7	6	4	5	9	0	10	1		66+
6.	6	2	0	9	10	11	7	5	3	8	1	4		66+
7.	6	5	2	3	8	9	11	10	4	0	7	1		66+
8.	6	5	2	3	8	9	11	10	4	0	7	1		66+
9.	3	2	8	11	7	6	4	5	9	0	10	1		66+
10.	4	1	2	6	7	3	8	11	9	5	10	0		66+
														=660
	47+	32+	28+	78+	74+	77+	72+	74+	54+	43+	59+	22	=660

Tablica kosztów
 \	15	19	13	18	
20	3	6	8	4	
28	6	1	2	5	
17	7	8	3	9	

Tablica przewozów
Optymalne rozwiązanie
 \	15	19	13	18	
20	0	2	0	18	
28	0	15	13	0	
17	15	2	0	0	
Funkcja oceny: 246
 indexu = 6
Osobnik nr 30
 \	1.	2.	3.	4.	5.	6.	7.	8.	9.	10.	11.	12.	
1.	6	5	2	3	8	9	11	10	4	0	7	1		66+
2.	6	2	0	9	10	11	7	5	3	8	1	4		66+
3.	3	2	8	11	7	6	4	5	9	0	10	1		66+
4.	4	1	2	6	7	3	8	11	9	5	10	0		66+
5.	6	5	2	3	8	9	11	10	4	0	7	1		66+
6.	6	2	0	9	10	11	7	5	3	8	1	4		66+
7.	4	1	2	6	7	3	8	11	9	5	10	0		66+
8.	3	10	4	11	0	8	5	7	1	9	2	6		66+
9.	6	2	0	9	10	11	7	5	3	8	1	4		66+
10.	3	2	8	11	7	6	4	5	9	0	10	1		66+
														=660
	47+	32+	28+	78+	74+	77+	72+	74+	54+	43+	59+	22	=660

Tablica kosztów
 \	15	19	13	18	
20	3	6	8	4	
28	6	1	2	5	
17	7	8	3	9	

Tablica przewozów
Optymalne rozwiązanie
 \	15	19	13	18	
20	0	2	0	18	
28	0	15	13	0	
17	15	2	0	0	
Funkcja oceny: 246
 indexu = 0
Osobnik nr 31
 \	1.	2.	3.	4.	5.	6.	7.	8.	9.	10.	11.	12.	
1.	4	1	2	6	7	3	8	11	9	5	10	0		66+
2.	4	1	2	6	7	3	8	11	9	5	10	0		66+
3.	6	5	2	3	8	9	11	10	4	0	7	1		66+
4.	6	5	2	3	8	9	11	10	4	0	7	1		66+
5.	3	2	8	11	7	6	4	5	9	0	10	1		66+
6.	6	2	0	9	10	11	7	5	3	8	1	4		66+
7.	3	2	8	11	7	6	4	5	9	0	10	1		66+
8.	3	10	4	11	0	8	5	7	1	9	2	6		66+
9.	6	2	0	9	10	11	7	5	3	8	1	4		66+
10.	6	2	0	9	10	11	7	5	3	8	1	4		66+
														=660
	47+	32+	28+	78+	74+	77+	72+	74+	54+	43+	59+	22	=660

Tablica kosztów
 \	15	19	13	18	
20	3	6	8	4	
28	6	1	2	5	
17	7	8	3	9	

Tablica przewozów
Optymalne rozwiązanie
 \	15	19	13	18	
20	0	2	0	18	
28	0	15	13	0	
17	15	2	0	0	
Funkcja oceny: 246
 indexu = 2
Osobnik nr 32
 \	1.	2.	3.	4.	5.	6.	7.	8.	9.	10.	11.	12.	
1.	3	10	4	11	0	8	5	7	1	9	2	6		66+
2.	3	2	8	11	7	6	4	5	9	0	10	1		66+
3.	4	1	2	6	7	3	8	11	9	5	10	0		66+
4.	6	2	0	9	10	11	7	5	3	8	1	4		66+
5.	6	2	0	9	10	11	7	5	3	8	1	4		66+
6.	4	1	2	6	7	3	8	11	9	5	10	0		66+
7.	3	2	8	11	7	6	4	5	9	0	10	1		66+
8.	6	5	2	3	8	9	11	10	4	0	7	1		66+
9.	6	5	2	3	8	9	11	10	4	0	7	1		66+
10.	6	2	0	9	10	11	7	5	3	8	1	4		66+
														=660
	47+	32+	28+	78+	74+	77+	72+	74+	54+	43+	59+	22	=660

Tablica kosztów
 \	15	19	13	18	
20	3	6	8	4	
28	6	1	2	5	
17	7	8	3	9	

Tablica przewozów
Optymalne rozwiązanie
 \	15	19	13	18	
20	0	2	0	18	
28	0	15	13	0	
17	15	2	0	0	
Funkcja oceny: 246
 indexu = 7
Osobnik nr 33
 \	1.	2.	3.	4.	5.	6.	7.	8.	9.	10.	11.	12.	
1.	6	2	0	9	10	11	7	5	3	8	1	4		66+
2.	3	2	8	11	7	6	4	5	9	0	10	1		66+
3.	6	2	0	9	10	11	7	5	3	8	1	4		66+
4.	6	5	2	3	8	9	11	10	4	0	7	1		66+
5.	4	1	2	6	7	3	8	11	9	5	10	0		66+
6.	4	1	2	6	7	3	8	11	9	5	10	0		66+
7.	6	5	2	3	8	9	11	10	4	0	7	1		66+
8.	6	2	0	9	10	11	7	5	3	8	1	4		66+
9.	3	10	4	11	0	8	5	7	1	9	2	6		66+
10.	3	2	8	11	7	6	4	5	9	0	10	1		66+
														=660
	47+	32+	28+	78+	74+	77+	72+	74+	54+	43+	59+	22	=660

Tablica kosztów
 \	15	19	13	18	
20	3	6	8	4	
28	6	1	2	5	
17	7	8	3	9	

Tablica przewozów
Optymalne rozwiązanie
 \	15	19	13	18	
20	0	2	0	18	
28	0	15	13	0	
17	15	2	0	0	
Funkcja oceny: 246
 indexu = 3
Osobnik nr 34
 \	1.	2.	3.	4.	5.	6.	7.	8.	9.	10.	11.	12.	
1.	6	2	0	9	10	11	7	5	3	8	1	4		66+
2.	6	5	2	3	8	9	11	10	4	0	7	1		66+
3.	4	1	2	6	7	3	8	11	9	5	10	0		66+
4.	3	2	8	11	7	6	4	5	9	0	10	1		66+
5.	6	2	0	9	10	11	7	5	3	8	1	4		66+
6.	6	2	0	9	10	11	7	5	3	8	1	4		66+
7.	3	10	4	11	0	8	5	7	1	9	2	6		66+
8.	6	5	2	3	8	9	11	10	4	0	7	1		66+
9.	4	1	2	6	7	3	8	11	9	5	10	0		66+
10.	3	2	8	11	7	6	4	5	9	0	10	1		66+
														=660
	47+	32+	28+	78+	74+	77+	72+	74+	54+	43+	59+	22	=660

Tablica kosztów
 \	15	19	13	18	
20	3	6	8	4	
28	6	1	2	5	
17	7	8	3	9	

Tablica przewozów
Optymalne rozwiązanie
 \	15	19	13	18	
20	0	2	0	18	
28	0	15	13	0	
17	15	2	0	0	
Funkcja oceny: 246
 indexu = 1
Osobnik nr 35
 \	1.	2.	3.	4.	5.	6.	7.	8.	9.	10.	11.	12.	
1.	6	5	2	3	8	9	11	10	4	0	7	1		66+
2.	6	5	2	3	8	9	11	10	4	0	7	1		66+
3.	6	2	0	9	10	11	7	5	3	8	1	4		66+
4.	4	1	2	6	7	3	8	11	9	5	10	0		66+
5.	6	2	0	9	10	11	7	5	3	8	1	4		66+
6.	3	2	8	11	7	6	4	5	9	0	10	1		66+
7.	6	2	0	9	10	11	7	5	3	8	1	4		66+
8.	3	2	8	11	7	6	4	5	9	0	10	1		66+
9.	3	10	4	11	0	8	5	7	1	9	2	6		66+
10.	4	1	2	6	7	3	8	11	9	5	10	0		66+
														=660
	47+	32+	28+	78+	74+	77+	72+	74+	54+	43+	59+	22	=660

Tablica kosztów
 \	15	19	13	18	
20	3	6	8	4	
28	6	1	2	5	
17	7	8	3	9	

Tablica przewozów
Optymalne rozwiązanie
 \	15	19	13	18	
20	0	2	0	18	
28	0	15	13	0	
17	15	2	0	0	
Funkcja oceny: 246
 indexu = 0
Osobnik nr 36
 \	1.	2.	3.	4.	5.	6.	7.	8.	9.	10.	11.	12.	
1.	3	2	8	11	7	6	4	5	9	0	10	1		66+
2.	4	1	2	6	7	3	8	11	9	5	10	0		66+
3.	6	5	2	3	8	9	11	10	4	0	7	1		66+
4.	6	2	0	9	10	11	7	5	3	8	1	4		66+
5.	4	1	2	6	7	3	8	11	9	5	10	0		66+
6.	6	2	0	9	10	11	7	5	3	8	1	4		66+
7.	6	2	0	9	10	11	7	5	3	8	1	4		66+
8.	3	2	8	11	7	6	4	5	9	0	10	1		66+
9.	3	10	4	11	0	8	5	7	1	9	2	6		66+
10.	6	5	2	3	8	9	11	10	4	0	7	1		66+
														=660
	47+	32+	28+	78+	74+	77+	72+	74+	54+	43+	59+	22	=660

Tablica kosztów
 \	15	19	13	18	
20	3	6	8	4	
28	6	1	2	5	
17	7	8	3	9	

Tablica przewozów
Optymalne rozwiązanie
 \	15	19	13	18	
20	0	2	0	18	
28	0	15	13	0	
17	15	2	0	0	
Funkcja oceny: 246
 indexu = 9
Osobnik nr 37
 \	1.	2.	3.	4.	5.	6.	7.	8.	9.	10.	11.	12.	
1.	4	1	2	6	7	3	8	11	9	5	10	0		66+
2.	6	5	2	3	8	9	11	10	4	0	7	1		66+
3.	3	2	8	11	7	6	4	5	9	0	10	1		66+
4.	6	2	0	9	10	11	7	5	3	8	1	4		66+
5.	4	1	2	6	7	3	8	11	9	5	10	0		66+
6.	6	5	2	3	8	9	11	10	4	0	7	1		66+
7.	3	2	8	11	7	6	4	5	9	0	10	1		66+
8.	6	2	0	9	10	11	7	5	3	8	1	4		66+
9.	3	10	4	11	0	8	5	7	1	9	2	6		66+
10.	6	2	0	9	10	11	7	5	3	8	1	4		66+
														=660
	47+	32+	28+	78+	74+	77+	72+	74+	54+	43+	59+	22	=660

Tablica kosztów
 \	15	19	13	18	
20	3	6	8	4	
28	6	1	2	5	
17	7	8	3	9	

Tablica przewozów
Optymalne rozwiązanie
 \	15	19	13	18	
20	0	2	0	18	
28	0	15	13	0	
17	15	2	0	0	
Funkcja oceny: 246
 indexu = 5
Osobnik nr 38
 \	1.	2.	3.	4.	5.	6.	7.	8.	9.	10.	11.	12.	
1.	4	1	2	6	7	3	8	11	9	5	10	0		66+
2.	6	2	0	9	10	11	7	5	3	8	1	4		66+
3.	3	2	8	11	7	6	4	5	9	0	10	1		66+
4.	3	10	4	11	0	8	5	7	1	9	2	6		66+
5.	6	5	2	3	8	9	11	10	4	0	7	1		66+
6.	3	2	8	11	7	6	4	5	9	0	10	1		66+
7.	6	5	2	3	8	9	11	10	4	0	7	1		66+
8.	6	2	0	9	10	11	7	5	3	8	1	4		66+
9.	6	2	0	9	10	11	7	5	3	8	1	4		66+
10.	4	1	2	6	7	3	8	11	9	5	10	0		66+
														=660
	47+	32+	28+	78+	74+	77+	72+	74+	54+	43+	59+	22	=660

Tablica kosztów
 \	15	19	13	18	
20	3	6	8	4	
28	6	1	2	5	
17	7	8	3	9	

Tablica przewozów
Optymalne rozwiązanie
 \	15	19	13	18	
20	0	2	0	18	
28	0	15	13	0	
17	15	2	0	0	
Funkcja oceny: 246
 indexu = 6
Osobnik nr 39
 \	1.	2.	3.	4.	5.	6.	7.	8.	9.	10.	11.	12.	
1.	3	10	4	11	0	8	5	7	1	9	2	6		66+
2.	6	5	2	3	8	9	11	10	4	0	7	1		66+
3.	6	2	0	9	10	11	7	5	3	8	1	4		66+
4.	4	1	2	6	7	3	8	11	9	5	10	0		66+
5.	6	2	0	9	10	11	7	5	3	8	1	4		66+
6.	6	5	2	3	8	9	11	10	4	0	7	1		66+
7.	6	2	0	9	10	11	7	5	3	8	1	4		66+
8.	3	2	8	11	7	6	4	5	9	0	10	1		66+
9.	3	2	8	11	7	6	4	5	9	0	10	1		66+
10.	4	1	2	6	7	3	8	11	9	5	10	0		66+
														=660
	47+	32+	28+	78+	74+	77+	72+	74+	54+	43+	59+	22	=660

Tablica kosztów
 \	15	19	13	18	
20	3	6	8	4	
28	6	1	2	5	
17	7	8	3	9	

Tablica przewozów
Optymalne rozwiązanie
 \	15	19	13	18	
20	0	2	0	18	
28	0	15	13	0	
17	15	2	0	0	
Funkcja oceny: 246
 indexu = 1
Osobnik nr 40
 \	1.	2.	3.	4.	5.	6.	7.	8.	9.	10.	11.	12.	
1.	6	5	2	3	8	9	11	10	4	0	7	1		66+
2.	4	1	2	6	7	3	8	11	9	5	10	0		66+
3.	6	5	2	3	8	9	11	10	4	0	7	1		66+
4.	4	1	2	6	7	3	8	11	9	5	10	0		66+
5.	3	2	8	11	7	6	4	5	9	0	10	1		66+
6.	3	10	4	11	0	8	5	7	1	9	2	6		66+
7.	6	2	0	9	10	11	7	5	3	8	1	4		66+
8.	6	2	0	9	10	11	7	5	3	8	1	4		66+
9.	3	2	8	11	7	6	4	5	9	0	10	1		66+
10.	6	2	0	9	10	11	7	5	3	8	1	4		66+
														=660
	47+	32+	28+	78+	74+	77+	72+	74+	54+	43+	59+	22	=660

Tablica kosztów
 \	15	19	13	18	
20	3	6	8	4	
28	6	1	2	5	
17	7	8	3	9	

Tablica przewozów
Optymalne rozwiązanie
 \	15	19	13	18	
20	0	2	0	18	
28	0	15	13	0	
17	15	2	0	0	
Funkcja oceny: 246
 indexu = 0
Osobnik nr 41
 \	1.	2.	3.	4.	5.	6.	7.	8.	9.	10.	11.	12.	
1.	4	1	2	6	7	3	8	11	9	5	10	0		66+
2.	4	1	2	6	7	3	8	11	9	5	10	0		66+
3.	6	5	2	3	8	9	11	10	4	0	7	1		66+
4.	3	10	4	11	0	8	5	7	1	9	2	6		66+
5.	3	2	8	11	7	6	4	5	9	0	10	1		66+
6.	6	2	0	9	10	11	7	5	3	8	1	4		66+
7.	6	2	0	9	10	11	7	5	3	8	1	4		66+
8.	3	2	8	11	7	6	4	5	9	0	10	1		66+
9.	6	2	0	9	10	11	7	5	3	8	1	4		66+
10.	6	5	2	3	8	9	11	10	4	0	7	1		66+
														=660
	47+	32+	28+	78+	74+	77+	72+	74+	54+	43+	59+	22	=660

Tablica kosztów
 \	15	19	13	18	
20	3	6	8	4	
28	6	1	2	5	
17	7	8	3	9	

Tablica przewozów
Optymalne rozwiązanie
 \	15	19	13	18	
20	0	2	0	18	
28	0	15	13	0	
17	15	2	0	0	
Funkcja oceny: 246
 indexu = 2
Osobnik nr 42
 \	1.	2.	3.	4.	5.	6.	7.	8.	9.	10.	11.	12.	
1.	6	2	0	9	10	11	7	5	3	8	1	4		66+
2.	6	2	0	9	10	11	7	5	3	8	1	4		66+
3.	6	5	2	3	8	9	11	10	4	0	7	1		66+
4.	3	2	8	11	7	6	4	5	9	0	10	1		66+
5.	3	2	8	11	7	6	4	5	9	0	10	1		66+
6.	4	1	2	6	7	3	8	11	9	5	10	0		66+
7.	3	10	4	11	0	8	5	7	1	9	2	6		66+
8.	6	5	2	3	8	9	11	10	4	0	7	1		66+
9.	4	1	2	6	7	3	8	11	9	5	10	0		66+
10.	6	2	0	9	10	11	7	5	3	8	1	4		66+
														=660
	47+	32+	28+	78+	74+	77+	72+	74+	54+	43+	59+	22	=660

Tablica kosztów
 \	15	19	13	18	
20	3	6	8	4	
28	6	1	2	5	
17	7	8	3	9	

Tablica przewozów
Optymalne rozwiązanie
 \	15	19	13	18	
20	0	2	0	18	
28	0	15	13	0	
17	15	2	0	0	
Funkcja oceny: 246
 indexu = 7
Osobnik nr 43
 \	1.	2.	3.	4.	5.	6.	7.	8.	9.	10.	11.	12.	
1.	6	5	2	3	8	9	11	10	4	0	7	1		66+
2.	6	2	0	9	10	11	7	5	3	8	1	4		66+
3.	3	2	8	11	7	6	4	5	9	0	10	1		66+
4.	3	2	8	11	7	6	4	5	9	0	10	1		66+
5.	4	1	2	6	7	3	8	11	9	5	10	0		66+
6.	3	10	4	11	0	8	5	7	1	9	2	6		66+
7.	4	1	2	6	7	3	8	11	9	5	10	0		66+
8.	6	2	0	9	10	11	7	5	3	8	1	4		66+
9.	6	5	2	3	8	9	11	10	4	0	7	1		66+
10.	6	2	0	9	10	11	7	5	3	8	1	4		66+
														=660
	47+	32+	28+	78+	74+	77+	72+	74+	54+	43+	59+	22	=660

Tablica kosztów
 \	15	19	13	18	
20	3	6	8	4	
28	6	1	2	5	
17	7	8	3	9	

Tablica przewozów
Optymalne rozwiązanie
 \	15	19	13	18	
20	0	2	0	18	
28	0	15	13	0	
17	15	2	0	0	
Funkcja oceny: 246
 indexu = 0
Osobnik nr 44
 \	1.	2.	3.	4.	5.	6.	7.	8.	9.	10.	11.	12.	
1.	4	1	2	6	7	3	8	11	9	5	10	0		66+
2.	6	2	0	9	10	11	7	5	3	8	1	4		66+
3.	6	2	0	9	10	11	7	5	3	8	1	4		66+
4.	3	2	8	11	7	6	4	5	9	0	10	1		66+
5.	6	5	2	3	8	9	11	10	4	0	7	1		66+
6.	6	2	0	9	10	11	7	5	3	8	1	4		66+
7.	6	5	2	3	8	9	11	10	4	0	7	1		66+
8.	4	1	2	6	7	3	8	11	9	5	10	0		66+
9.	3	10	4	11	0	8	5	7	1	9	2	6		66+
10.	3	2	8	11	7	6	4	5	9	0	10	1		66+
														=660
	47+	32+	28+	78+	74+	77+	72+	74+	54+	43+	59+	22	=660

Tablica kosztów
 \	15	19	13	18	
20	3	6	8	4	
28	6	1	2	5	
17	7	8	3	9	

Tablica przewozów
Optymalne rozwiązanie
 \	15	19	13	18	
20	0	2	0	18	
28	0	15	13	0	
17	15	2	0	0	
Funkcja oceny: 246
 indexu = 6
Osobnik nr 45
 \	1.	2.	3.	4.	5.	6.	7.	8.	9.	10.	11.	12.	
1.	6	2	0	9	10	11	7	5	3	8	1	4		66+
2.	6	2	0	9	10	11	7	5	3	8	1	4		66+
3.	3	2	8	11	7	6	4	5	9	0	10	1		66+
4.	4	1	2	6	7	3	8	11	9	5	10	0		66+
5.	3	2	8	11	7	6	4	5	9	0	10	1		66+
6.	6	5	2	3	8	9	11	10	4	0	7	1		66+
7.	4	1	2	6	7	3	8	11	9	5	10	0		66+
8.	6	2	0	9	10	11	7	5	3	8	1	4		66+
9.	6	5	2	3	8	9	11	10	4	0	7	1		66+
10.	3	10	4	11	0	8	5	7	1	9	2	6		66+
														=660
	47+	32+	28+	78+	74+	77+	72+	74+	54+	43+	59+	22	=660

Tablica kosztów
 \	15	19	13	18	
20	3	6	8	4	
28	6	1	2	5	
17	7	8	3	9	

Tablica przewozów
Optymalne rozwiązanie
 \	15	19	13	18	
20	0	2	0	18	
28	0	15	13	0	
17	15	2	0	0	
Funkcja oceny: 246
 indexu = 5
Osobnik nr 46
 \	1.	2.	3.	4.	5.	6.	7.	8.	9.	10.	11.	12.	
1.	6	2	0	9	10	11	7	5	3	8	1	4		66+
2.	4	1	2	6	7	3	8	11	9	5	10	0		66+
3.	6	5	2	3	8	9	11	10	4	0	7	1		66+
4.	3	10	4	11	0	8	5	7	1	9	2	6		66+
5.	4	1	2	6	7	3	8	11	9	5	10	0		66+
6.	3	2	8	11	7	6	4	5	9	0	10	1		66+
7.	6	2	0	9	10	11	7	5	3	8	1	4		66+
8.	6	2	0	9	10	11	7	5	3	8	1	4		66+
9.	3	2	8	11	7	6	4	5	9	0	10	1		66+
10.	6	5	2	3	8	9	11	10	4	0	7	1		66+
														=660
	47+	32+	28+	78+	74+	77+	72+	74+	54+	43+	59+	22	=660

Tablica kosztów
 \	15	19	13	18	
20	3	6	8	4	
28	6	1	2	5	
17	7	8	3	9	

Tablica przewozów
Optymalne rozwiązanie
 \	15	19	13	18	
20	0	2	0	18	
28	0	15	13	0	
17	15	2	0	0	
Funkcja oceny: 246
 indexu = 9
Osobnik nr 47
 \	1.	2.	3.	4.	5.	6.	7.	8.	9.	10.	11.	12.	
1.	4	1	2	6	7	3	8	11	9	5	10	0		66+
2.	6	5	2	3	8	9	11	10	4	0	7	1		66+
3.	6	2	0	9	10	11	7	5	3	8	1	4		66+
4.	4	1	2	6	7	3	8	11	9	5	10	0		66+
5.	6	2	0	9	10	11	7	5	3	8	1	4		66+
6.	6	5	2	3	8	9	11	10	4	0	7	1		66+
7.	3	2	8	11	7	6	4	5	9	0	10	1		66+
8.	6	2	0	9	10	11	7	5	3	8	1	4		66+
9.	3	10	4	11	0	8	5	7	1	9	2	6		66+
10.	3	2	8	11	7	6	4	5	9	0	10	1		66+
														=660
	47+	32+	28+	78+	74+	77+	72+	74+	54+	43+	59+	22	=660

Tablica kosztów
 \	15	19	13	18	
20	3	6	8	4	
28	6	1	2	5	
17	7	8	3	9	

Tablica przewozów
Optymalne rozwiązanie
 \	15	19	13	18	
20	0	2	0	18	
28	0	15	13	0	
17	15	2	0	0	
Funkcja oceny: 246
 indexu = 1
Osobnik nr 48
 \	1.	2.	3.	4.	5.	6.	7.	8.	9.	10.	11.	12.	
1.	6	2	0	9	10	11	7	5	3	8	1	4		66+
2.	4	1	2	6	7	3	8	11	9	5	10	0		66+
3.	3	2	8	11	7	6	4	5	9	0	10	1		66+
4.	6	2	0	9	10	11	7	5	3	8	1	4		66+
5.	3	2	8	11	7	6	4	5	9	0	10	1		66+
6.	6	2	0	9	10	11	7	5	3	8	1	4		66+
7.	6	5	2	3	8	9	11	10	4	0	7	1		66+
8.	3	10	4	11	0	8	5	7	1	9	2	6		66+
9.	4	1	2	6	7	3	8	11	9	5	10	0		66+
10.	6	5	2	3	8	9	11	10	4	0	7	1		66+
														=660
	47+	32+	28+	78+	74+	77+	72+	74+	54+	43+	59+	22	=660

Tablica kosztów
 \	15	19	13	18	
20	3	6	8	4	
28	6	1	2	5	
17	7	8	3	9	

Tablica przewozów
Optymalne rozwiązanie
 \	15	19	13	18	
20	0	2	0	18	
28	0	15	13	0	
17	15	2	0	0	
Funkcja oceny: 246
 indexu = 9
Osobnik nr 49
 \	1.	2.	3.	4.	5.	6.	7.	8.	9.	10.	11.	12.	
1.	3	2	8	11	7	6	4	5	9	0	10	1		66+
2.	6	2	0	9	10	11	7	5	3	8	1	4		66+
3.	3	2	8	11	7	6	4	5	9	0	10	1		66+
4.	6	2	0	9	10	11	7	5	3	8	1	4		66+
5.	3	10	4	11	0	8	5	7	1	9	2	6		66+
6.	6	5	2	3	8	9	11	10	4	0	7	1		66+
7.	4	1	2	6	7	3	8	11	9	5	10	0		66+
8.	4	1	2	6	7	3	8	11	9	5	10	0		66+
9.	6	2	0	9	10	11	7	5	3	8	1	4		66+
10.	6	5	2	3	8	9	11	10	4	0	7	1		66+
														=660
	47+	32+	28+	78+	74+	77+	72+	74+	54+	43+	59+	22	=660

Tablica kosztów
 \	15	19	13	18	
20	3	6	8	4	
28	6	1	2	5	
17	7	8	3	9	

Tablica przewozów
Optymalne rozwiązanie
 \	15	19	13	18	
20	0	2	0	18	
28	0	15	13	0	
17	15	2	0	0	
Funkcja oceny: 246
 indexu = 9
Osobnik nr 50
 \	1.	2.	3.	4.	5.	6.	7.	8.	9.	10.	11.	12.	
1.	3	2	8	11	7	6	4	5	9	0	10	1		66+
2.	4	1	2	6	7	3	8	11	9	5	10	0		66+
3.	6	5	2	3	8	9	11	10	4	0	7	1		66+
4.	6	2	0	9	10	11	7	5	3	8	1	4		66+
5.	6	2	0	9	10	11	7	5	3	8	1	4		66+
6.	3	10	4	11	0	8	5	7	1	9	2	6		66+
7.	6	5	2	3	8	9	11	10	4	0	7	1		66+
8.	3	2	8	11	7	6	4	5	9	0	10	1		66+
9.	6	2	0	9	10	11	7	5	3	8	1	4		66+
10.	4	1	2	6	7	3	8	11	9	5	10	0		66+
														=660
	47+	32+	28+	78+	74+	77+	72+	74+	54+	43+	59+	22	=660

Tablica kosztów
 \	15	19	13	18	
20	3	6	8	4	
28	6	1	2	5	
17	7	8	3	9	

Tablica przewozów
Optymalne rozwiązanie
 \	15	19	13	18	
20	0	2	0	18	
28	0	15	13	0	
17	15	2	0	0	
Funkcja oceny: 246
 indexu = 6
Osobnik nr 51
 \	1.	2.	3.	4.	5.	6.	7.	8.	9.	10.	11.	12.	
1.	3	2	8	11	7	6	4	5	9	0	10	1		66+
2.	4	1	2	6	7	3	8	11	9	5	10	0		66+
3.	6	2	0	9	10	11	7	5	3	8	1	4		66+
4.	6	2	0	9	10	11	7	5	3	8	1	4		66+
5.	6	5	2	3	8	9	11	10	4	0	7	1		66+
6.	6	5	2	3	8	9	11	10	4	0	7	1		66+
7.	4	1	2	6	7	3	8	11	9	5	10	0		66+
8.	3	10	4	11	0	8	5	7	1	9	2	6		66+
9.	6	2	0	9	10	11	7	5	3	8	1	4		66+
10.	3	2	8	11	7	6	4	5	9	0	10	1		66+
														=660
	47+	32+	28+	78+	74+	77+	72+	74+	54+	43+	59+	22	=660

Tablica kosztów
 \	15	19	13	18	
20	3	6	8	4	
28	6	1	2	5	
17	7	8	3	9	

Tablica przewozów
Optymalne rozwiązanie
 \	15	19	13	18	
20	0	2	0	18	
28	0	15	13	0	
17	15	2	0	0	
Funkcja oceny: 246
 indexu = 4
Osobnik nr 52
 \	1.	2.	3.	4.	5.	6.	7.	8.	9.	10.	11.	12.	
1.	3	10	4	11	0	8	5	7	1	9	2	6		66+
2.	3	2	8	11	7	6	4	5	9	0	10	1		66+
3.	6	2	0	9	10	11	7	5	3	8	1	4		66+
4.	6	2	0	9	10	11	7	5	3	8	1	4		66+
5.	3	2	8	11	7	6	4	5	9	0	10	1		66+
6.	6	5	2	3	8	9	11	10	4	0	7	1		66+
7.	4	1	2	6	7	3	8	11	9	5	10	0		66+
8.	6	5	2	3	8	9	11	10	4	0	7	1		66+
9.	6	2	0	9	10	11	7	5	3	8	1	4		66+
10.	4	1	2	6	7	3	8	11	9	5	10	0		66+
														=660
	47+	32+	28+	78+	74+	77+	72+	74+	54+	43+	59+	22	=660

Tablica kosztów
 \	15	19	13	18	
20	3	6	8	4	
28	6	1	2	5	
17	7	8	3	9	

Tablica przewozów
Optymalne rozwiązanie
 \	15	19	13	18	
20	0	2	0	18	
28	0	15	13	0	
17	15	2	0	0	
Funkcja oceny: 246
 indexu = 7
Osobnik nr 53
 \	1.	2.	3.	4.	5.	6.	7.	8.	9.	10.	11.	12.	
1.	6	2	0	9	10	11	7	5	3	8	1	4		66+
2.	6	5	2	3	8	9	11	10	4	0	7	1		66+
3.	6	2	0	9	10	11	7	5	3	8	1	4		66+
4.	3	2	8	11	7	6	4	5	9	0	10	1		66+
5.	3	2	8	11	7	6	4	5	9	0	10	1		66+
6.	6	5	2	3	8	9	11	10	4	0	7	1		66+
7.	3	10	4	11	0	8	5	7	1	9	2	6		66+
8.	4	1	2	6	7	3	8	11	9	5	10	0		66+
9.	6	2	0	9	10	11	7	5	3	8	1	4		66+
10.	4	1	2	6	7	3	8	11	9	5	10	0		66+
														=660
	47+	32+	28+	78+	74+	77+	72+	74+	54+	43+	59+	22	=660

Tablica kosztów
 \	15	19	13	18	
20	3	6	8	4	
28	6	1	2	5	
17	7	8	3	9	

Tablica przewozów
Optymalne rozwiązanie
 \	15	19	13	18	
20	0	2	0	18	
28	0	15	13	0	
17	15	2	0	0	
Funkcja oceny: 246
 indexu = 5
Osobnik nr 54
 \	1.	2.	3.	4.	5.	6.	7.	8.	9.	10.	11.	12.	
1.	3	2	8	11	7	6	4	5	9	0	10	1		66+
2.	6	2	0	9	10	11	7	5	3	8	1	4		66+
3.	6	5	2	3	8	9	11	10	4	0	7	1		66+
4.	6	5	2	3	8	9	11	10	4	0	7	1		66+
5.	4	1	2	6	7	3	8	11	9	5	10	0		66+
6.	6	2	0	9	10	11	7	5	3	8	1	4		66+
7.	4	1	2	6	7	3	8	11	9	5	10	0		66+
8.	6	2	0	9	10	11	7	5	3	8	1	4		66+
9.	3	2	8	11	7	6	4	5	9	0	10	1		66+
10.	3	10	4	11	0	8	5	7	1	9	2	6		66+
														=660
	47+	32+	28+	78+	74+	77+	72+	74+	54+	43+	59+	22	=660

Tablica kosztów
 \	15	19	13	18	
20	3	6	8	4	
28	6	1	2	5	
17	7	8	3	9	

Tablica przewozów
Optymalne rozwiązanie
 \	15	19	13	18	
20	0	2	0	18	
28	0	15	13	0	
17	15	2	0	0	
Funkcja oceny: 246
 indexu = 3
Osobnik nr 55
 \	1.	2.	3.	4.	5.	6.	7.	8.	9.	10.	11.	12.	
1.	6	2	0	9	10	11	7	5	3	8	1	4		66+
2.	6	2	0	9	10	11	7	5	3	8	1	4		66+
3.	3	10	4	11	0	8	5	7	1	9	2	6		66+
4.	3	2	8	11	7	6	4	5	9	0	10	1		66+
5.	3	2	8	11	7	6	4	5	9	0	10	1		66+
6.	6	5	2	3	8	9	11	10	4	0	7	1		66+
7.	4	1	2	6	7	3	8	11	9	5	10	0		66+
8.	6	5	2	3	8	9	11	10	4	0	7	1		66+
9.	6	2	0	9	10	11	7	5	3	8	1	4		66+
10.	4	1	2	6	7	3	8	11	9	5	10	0		66+
														=660
	47+	32+	28+	78+	74+	77+	72+	74+	54+	43+	59+	22	=660

Tablica kosztów
 \	15	19	13	18	
20	3	6	8	4	
28	6	1	2	5	
17	7	8	3	9	

Tablica przewozów
Optymalne rozwiązanie
 \	15	19	13	18	
20	0	2	0	18	
28	0	15	13	0	
17	15	2	0	0	
Funkcja oceny: 246
 indexu = 7
Osobnik nr 56
 \	1.	2.	3.	4.	5.	6.	7.	8.	9.	10.	11.	12.	
1.	6	5	2	3	8	9	11	10	4	0	7	1		66+
2.	6	2	0	9	10	11	7	5	3	8	1	4		66+
3.	6	2	0	9	10	11	7	5	3	8	1	4		66+
4.	4	1	2	6	7	3	8	11	9	5	10	0		66+
5.	3	2	8	11	7	6	4	5	9	0	10	1		66+
6.	3	2	8	11	7	6	4	5	9	0	10	1		66+
7.	6	2	0	9	10	11	7	5	3	8	1	4		66+
8.	3	10	4	11	0	8	5	7	1	9	2	6		66+
9.	4	1	2	6	7	3	8	11	9	5	10	0		66+
10.	6	5	2	3	8	9	11	10	4	0	7	1		66+
														=660
	47+	32+	28+	78+	74+	77+	72+	74+	54+	43+	59+	22	=660

Tablica kosztów
 \	15	19	13	18	
20	3	6	8	4	
28	6	1	2	5	
17	7	8	3	9	

Tablica przewozów
Optymalne rozwiązanie
 \	15	19	13	18	
20	0	2	0	18	
28	0	15	13	0	
17	15	2	0	0	
Funkcja oceny: 246
 indexu = 0
Osobnik nr 57
 \	1.	2.	3.	4.	5.	6.	7.	8.	9.	10.	11.	12.	
1.	6	5	2	3	8	9	11	10	4	0	7	1		66+
2.	6	2	0	9	10	11	7	5	3	8	1	4		66+
3.	3	2	8	11	7	6	4	5	9	0	10	1		66+
4.	6	2	0	9	10	11	7	5	3	8	1	4		66+
5.	3	10	4	11	0	8	5	7	1	9	2	6		66+
6.	4	1	2	6	7	3	8	11	9	5	10	0		66+
7.	6	5	2	3	8	9	11	10	4	0	7	1		66+
8.	6	2	0	9	10	11	7	5	3	8	1	4		66+
9.	3	2	8	11	7	6	4	5	9	0	10	1		66+
10.	4	1	2	6	7	3	8	11	9	5	10	0		66+
														=660
	47+	32+	28+	78+	74+	77+	72+	74+	54+	43+	59+	22	=660

Tablica kosztów
 \	15	19	13	18	
20	3	6	8	4	
28	6	1	2	5	
17	7	8	3	9	

Tablica przewozów
Optymalne rozwiązanie
 \	15	19	13	18	
20	0	2	0	18	
28	0	15	13	0	
17	15	2	0	0	
Funkcja oceny: 246
 indexu = 0
Osobnik nr 58
 \	1.	2.	3.	4.	5.	6.	7.	8.	9.	10.	11.	12.	
1.	4	1	2	6	7	3	8	11	9	5	10	0		66+
2.	3	10	4	11	0	8	5	7	1	9	2	6		66+
3.	6	5	2	3	8	9	11	10	4	0	7	1		66+
4.	6	5	2	3	8	9	11	10	4	0	7	1		66+
5.	6	2	0	9	10	11	7	5	3	8	1	4		66+
6.	3	2	8	11	7	6	4	5	9	0	10	1		66+
7.	6	2	0	9	10	11	7	5	3	8	1	4		66+
8.	3	2	8	11	7	6	4	5	9	0	10	1		66+
9.	4	1	2	6	7	3	8	11	9	5	10	0		66+
10.	6	2	0	9	10	11	7	5	3	8	1	4		66+
														=660
	47+	32+	28+	78+	74+	77+	72+	74+	54+	43+	59+	22	=660

Tablica kosztów
 \	15	19	13	18	
20	3	6	8	4	
28	6	1	2	5	
17	7	8	3	9	

Tablica przewozów
Optymalne rozwiązanie
 \	15	19	13	18	
20	0	2	0	18	
28	0	15	13	0	
17	15	2	0	0	
Funkcja oceny: 246
 indexu = 2
Osobnik nr 59
 \	1.	2.	3.	4.	5.	6.	7.	8.	9.	10.	11.	12.	
1.	6	5	2	3	8	9	11	10	4	0	7	1		66+
2.	6	5	2	3	8	9	11	10	4	0	7	1		66+
3.	3	10	4	11	0	8	5	7	1	9	2	6		66+
4.	3	2	8	11	7	6	4	5	9	0	10	1		66+
5.	6	2	0	9	10	11	7	5	3	8	1	4		66+
6.	6	2	0	9	10	11	7	5	3	8	1	4		66+
7.	4	1	2	6	7	3	8	11	9	5	10	0		66+
8.	6	2	0	9	10	11	7	5	3	8	1	4		66+
9.	3	2	8	11	7	6	4	5	9	0	10	1		66+
10.	4	1	2	6	7	3	8	11	9	5	10	0		66+
														=660
	47+	32+	28+	78+	74+	77+	72+	74+	54+	43+	59+	22	=660

Tablica kosztów
 \	15	19	13	18	
20	3	6	8	4	
28	6	1	2	5	
17	7	8	3	9	

Tablica przewozów
Optymalne rozwiązanie
 \	15	19	13	18	
20	0	2	0	18	
28	0	15	13	0	
17	15	2	0	0	
Funkcja oceny: 246
 indexu = 0
Osobnik nr 60
 \	1.	2.	3.	4.	5.	6.	7.	8.	9.	10.	11.	12.	
1.	6	5	2	3	8	9	11	10	4	0	7	1		66+
2.	4	1	2	6	7	3	8	11	9	5	10	0		66+
3.	6	2	0	9	10	11	7	5	3	8	1	4		66+
4.	3	10	4	11	0	8	5	7	1	9	2	6		66+
5.	6	2	0	9	10	11	7	5	3	8	1	4		66+
6.	6	5	2	3	8	9	11	10	4	0	7	1		66+
7.	4	1	2	6	7	3	8	11	9	5	10	0		66+
8.	3	2	8	11	7	6	4	5	9	0	10	1		66+
9.	6	2	0	9	10	11	7	5	3	8	1	4		66+
10.	3	2	8	11	7	6	4	5	9	0	10	1		66+
														=660
	47+	32+	28+	78+	74+	77+	72+	74+	54+	43+	59+	22	=660

Tablica kosztów
 \	15	19	13	18	
20	3	6	8	4	
28	6	1	2	5	
17	7	8	3	9	

Tablica przewozów
Optymalne rozwiązanie
 \	15	19	13	18	
20	0	2	0	18	
28	0	15	13	0	
17	15	2	0	0	
Funkcja oceny: 246
 indexu = 0
Osobnik nr 61
 \	1.	2.	3.	4.	5.	6.	7.	8.	9.	10.	11.	12.	
1.	3	2	8	11	7	6	4	5	9	0	10	1		66+
2.	6	2	0	9	10	11	7	5	3	8	1	4		66+
3.	4	1	2	6	7	3	8	11	9	5	10	0		66+
4.	6	2	0	9	10	11	7	5	3	8	1	4		66+
5.	3	10	4	11	0	8	5	7	1	9	2	6		66+
6.	3	2	8	11	7	6	4	5	9	0	10	1		66+
7.	6	5	2	3	8	9	11	10	4	0	7	1		66+
8.	6	2	0	9	10	11	7	5	3	8	1	4		66+
9.	6	5	2	3	8	9	11	10	4	0	7	1		66+
10.	4	1	2	6	7	3	8	11	9	5	10	0		66+
														=660
	47+	32+	28+	78+	74+	77+	72+	74+	54+	43+	59+	22	=660

Tablica kosztów
 \	15	19	13	18	
20	3	6	8	4	
28	6	1	2	5	
17	7	8	3	9	

Tablica przewozów
Optymalne rozwiązanie
 \	15	19	13	18	
20	0	2	0	18	
28	0	15	13	0	
17	15	2	0	0	
Funkcja oceny: 246
 indexu = 8
Osobnik nr 62
 \	1.	2.	3.	4.	5.	6.	7.	8.	9.	10.	11.	12.	
1.	6	2	0	9	10	11	7	5	3	8	1	4		66+
2.	4	1	2	6	7	3	8	11	9	5	10	0		66+
3.	6	2	0	9	10	11	7	5	3	8	1	4		66+
4.	3	10	4	11	0	8	5	7	1	9	2	6		66+
5.	3	2	8	11	7	6	4	5	9	0	10	1		66+
6.	3	2	8	11	7	6	4	5	9	0	10	1		66+
7.	6	2	0	9	10	11	7	5	3	8	1	4		66+
8.	4	1	2	6	7	3	8	11	9	5	10	0		66+
9.	6	5	2	3	8	9	11	10	4	0	7	1		66+
10.	6	5	2	3	8	9	11	10	4	0	7	1		66+
														=660
	47+	32+	28+	78+	74+	77+	72+	74+	54+	43+	59+	22	=660

Tablica kosztów
 \	15	19	13	18	
20	3	6	8	4	
28	6	1	2	5	
17	7	8	3	9	

Tablica przewozów
Optymalne rozwiązanie
 \	15	19	13	18	
20	0	2	0	18	
28	0	15	13	0	
17	15	2	0	0	
Funkcja oceny: 246
 indexu = 8
Osobnik nr 63
 \	1.	2.	3.	4.	5.	6.	7.	8.	9.	10.	11.	12.	
1.	6	2	0	9	10	11	7	5	3	8	1	4		66+
2.	3	2	8	11	7	6	4	5	9	0	10	1		66+
3.	3	2	8	11	7	6	4	5	9	0	10	1		66+
4.	6	5	2	3	8	9	11	10	4	0	7	1		66+
5.	4	1	2	6	7	3	8	11	9	5	10	0		66+
6.	6	2	0	9	10	11	7	5	3	8	1	4		66+
7.	3	10	4	11	0	8	5	7	1	9	2	6		66+
8.	4	1	2	6	7	3	8	11	9	5	10	0		66+
9.	6	2	0	9	10	11	7	5	3	8	1	4		66+
10.	6	5	2	3	8	9	11	10	4	0	7	1		66+
														=660
	47+	32+	28+	78+	74+	77+	72+	74+	54+	43+	59+	22	=660

Tablica kosztów
 \	15	19	13	18	
20	3	6	8	4	
28	6	1	2	5	
17	7	8	3	9	

Tablica przewozów
Optymalne rozwiązanie
 \	15	19	13	18	
20	0	2	0	18	
28	0	15	13	0	
17	15	2	0	0	
Funkcja oceny: 246
 indexu = 3
Osobnik nr 64
 \	1.	2.	3.	4.	5.	6.	7.	8.	9.	10.	11.	12.	
1.	3	2	8	11	7	6	4	5	9	0	10	1		66+
2.	4	1	2	6	7	3	8	11	9	5	10	0		66+
3.	4	1	2	6	7	3	8	11	9	5	10	0		66+
4.	6	2	0	9	10	11	7	5	3	8	1	4		66+
5.	3	10	4	11	0	8	5	7	1	9	2	6		66+
6.	3	2	8	11	7	6	4	5	9	0	10	1		66+
7.	6	2	0	9	10	11	7	5	3	8	1	4		66+
8.	6	5	2	3	8	9	11	10	4	0	7	1		66+
9.	6	2	0	9	10	11	7	5	3	8	1	4		66+
10.	6	5	2	3	8	9	11	10	4	0	7	1		66+
														=660
	47+	32+	28+	78+	74+	77+	72+	74+	54+	43+	59+	22	=660

Tablica kosztów
 \	15	19	13	18	
20	3	6	8	4	
28	6	1	2	5	
17	7	8	3	9	

Tablica przewozów
Optymalne rozwiązanie
 \	15	19	13	18	
20	0	2	0	18	
28	0	15	13	0	
17	15	2	0	0	
Funkcja oceny: 246
 indexu = 7
Osobnik nr 65
 \	1.	2.	3.	4.	5.	6.	7.	8.	9.	10.	11.	12.	
1.	3	2	8	11	7	6	4	5	9	0	10	1		66+
2.	6	2	0	9	10	11	7	5	3	8	1	4		66+
3.	4	1	2	6	7	3	8	11	9	5	10	0		66+
4.	3	2	8	11	7	6	4	5	9	0	10	1		66+
5.	6	5	2	3	8	9	11	10	4	0	7	1		66+
6.	6	5	2	3	8	9	11	10	4	0	7	1		66+
7.	6	2	0	9	10	11	7	5	3	8	1	4		66+
8.	6	2	0	9	10	11	7	5	3	8	1	4		66+
9.	4	1	2	6	7	3	8	11	9	5	10	0		66+
10.	3	10	4	11	0	8	5	7	1	9	2	6		66+
														=660
	47+	32+	28+	78+	74+	77+	72+	74+	54+	43+	59+	22	=660

Tablica kosztów
 \	15	19	13	18	
20	3	6	8	4	
28	6	1	2	5	
17	7	8	3	9	

Tablica przewozów
Optymalne rozwiązanie
 \	15	19	13	18	
20	0	2	0	18	
28	0	15	13	0	
17	15	2	0	0	
Funkcja oceny: 246
 indexu = 4
Osobnik nr 66
 \	1.	2.	3.	4.	5.	6.	7.	8.	9.	10.	11.	12.	
1.	4	1	2	6	7	3	8	11	9	5	10	0		66+
2.	6	2	0	9	10	11	7	5	3	8	1	4		66+
3.	6	5	2	3	8	9	11	10	4	0	7	1		66+
4.	3	2	8	11	7	6	4	5	9	0	10	1		66+
5.	6	2	0	9	10	11	7	5	3	8	1	4		66+
6.	3	10	4	11	0	8	5	7	1	9	2	6		66+
7.	6	5	2	3	8	9	11	10	4	0	7	1		66+
8.	4	1	2	6	7	3	8	11	9	5	10	0		66+
9.	3	2	8	11	7	6	4	5	9	0	10	1		66+
10.	6	2	0	9	10	11	7	5	3	8	1	4		66+
														=660
	47+	32+	28+	78+	74+	77+	72+	74+	54+	43+	59+	22	=660

Tablica kosztów
 \	15	19	13	18	
20	3	6	8	4	
28	6	1	2	5	
17	7	8	3	9	

Tablica przewozów
Optymalne rozwiązanie
 \	15	19	13	18	
20	0	2	0	18	
28	0	15	13	0	
17	15	2	0	0	
Funkcja oceny: 246
 indexu = 2
Osobnik nr 67
 \	1.	2.	3.	4.	5.	6.	7.	8.	9.	10.	11.	12.	
1.	6	5	2	3	8	9	11	10	4	0	7	1		66+
2.	3	10	4	11	0	8	5	7	1	9	2	6		66+
3.	6	5	2	3	8	9	11	10	4	0	7	1		66+
4.	6	2	0	9	10	11	7	5	3	8	1	4		66+
5.	3	2	8	11	7	6	4	5	9	0	10	1		66+
6.	4	1	2	6	7	3	8	11	9	5	10	0		66+
7.	6	2	0	9	10	11	7	5	3	8	1	4		66+
8.	4	1	2	6	7	3	8	11	9	5	10	0		66+
9.	3	2	8	11	7	6	4	5	9	0	10	1		66+
10.	6	2	0	9	10	11	7	5	3	8	1	4		66+
														=660
	47+	32+	28+	78+	74+	77+	72+	74+	54+	43+	59+	22	=660

Tablica kosztów
 \	15	19	13	18	
20	3	6	8	4	
28	6	1	2	5	
17	7	8	3	9	

Tablica przewozów
Optymalne rozwiązanie
 \	15	19	13	18	
20	0	2	0	18	
28	0	15	13	0	
17	15	2	0	0	
Funkcja oceny: 246
 indexu = 2
Osobnik nr 68
 \	1.	2.	3.	4.	5.	6.	7.	8.	9.	10.	11.	12.	
1.	6	2	0	9	10	11	7	5	3	8	1	4		66+
2.	6	2	0	9	10	11	7	5	3	8	1	4		66+
3.	3	2	8	11	7	6	4	5	9	0	10	1		66+
4.	6	2	0	9	10	11	7	5	3	8	1	4		66+
5.	4	1	2	6	7	3	8	11	9	5	10	0		66+
6.	4	1	2	6	7	3	8	11	9	5	10	0		66+
7.	3	2	8	11	7	6	4	5	9	0	10	1		66+
8.	6	5	2	3	8	9	11	10	4	0	7	1		66+
9.	6	5	2	3	8	9	11	10	4	0	7	1		66+
10.	3	10	4	11	0	8	5	7	1	9	2	6		66+
														=660
	47+	32+	28+	78+	74+	77+	72+	74+	54+	43+	59+	22	=660

Tablica kosztów
 \	15	19	13	18	
20	3	6	8	4	
28	6	1	2	5	
17	7	8	3	9	

Tablica przewozów
Optymalne rozwiązanie
 \	15	19	13	18	
20	0	2	0	18	
28	0	15	13	0	
17	15	2	0	0	
Funkcja oceny: 246
 indexu = 8
Osobnik nr 69
 \	1.	2.	3.	4.	5.	6.	7.	8.	9.	10.	11.	12.	
1.	3	2	8	11	7	6	4	5	9	0	10	1		66+
2.	6	5	2	3	8	9	11	10	4	0	7	1		66+
3.	4	1	2	6	7	3	8	11	9	5	10	0		66+
4.	4	1	2	6	7	3	8	11	9	5	10	0		66+
5.	3	10	4	11	0	8	5	7	1	9	2	6		66+
6.	6	2	0	9	10	11	7	5	3	8	1	4		66+
7.	6	2	0	9	10	11	7	5	3	8	1	4		66+
8.	3	2	8	11	7	6	4	5	9	0	10	1		66+
9.	6	5	2	3	8	9	11	10	4	0	7	1		66+
10.	6	2	0	9	10	11	7	5	3	8	1	4		66+
														=660
	47+	32+	28+	78+	74+	77+	72+	74+	54+	43+	59+	22	=660

Tablica kosztów
 \	15	19	13	18	
20	3	6	8	4	
28	6	1	2	5	
17	7	8	3	9	

Tablica przewozów
Optymalne rozwiązanie
 \	15	19	13	18	
20	0	2	0	18	
28	0	15	13	0	
17	15	2	0	0	
Funkcja oceny: 246
 indexu = 1
Osobnik nr 70
 \	1.	2.	3.	4.	5.	6.	7.	8.	9.	10.	11.	12.	
1.	3	2	8	11	7	6	4	5	9	0	10	1		66+
2.	6	5	2	3	8	9	11	10	4	0	7	1		66+
3.	3	2	8	11	7	6	4	5	9	0	10	1		66+
4.	3	10	4	11	0	8	5	7	1	9	2	6		66+
5.	6	2	0	9	10	11	7	5	3	8	1	4		66+
6.	4	1	2	6	7	3	8	11	9	5	10	0		66+
7.	4	1	2	6	7	3	8	11	9	5	10	0		66+
8.	6	2	0	9	10	11	7	5	3	8	1	4		66+
9.	6	2	0	9	10	11	7	5	3	8	1	4		66+
10.	6	5	2	3	8	9	11	10	4	0	7	1		66+
														=660
	47+	32+	28+	78+	74+	77+	72+	74+	54+	43+	59+	22	=660

Tablica kosztów
 \	15	19	13	18	
20	3	6	8	4	
28	6	1	2	5	
17	7	8	3	9	

Tablica przewozów
Optymalne rozwiązanie
 \	15	19	13	18	
20	0	2	0	18	
28	0	15	13	0	
17	15	2	0	0	
Funkcja oceny: 246
 indexu = 1
Osobnik nr 71
 \	1.	2.	3.	4.	5.	6.	7.	8.	9.	10.	11.	12.	
1.	4	1	2	6	7	3	8	11	9	5	10	0		66+
2.	6	2	0	9	10	11	7	5	3	8	1	4		66+
3.	6	2	0	9	10	11	7	5	3	8	1	4		66+
4.	6	2	0	9	10	11	7	5	3	8	1	4		66+
5.	3	2	8	11	7	6	4	5	9	0	10	1		66+
6.	6	5	2	3	8	9	11	10	4	0	7	1		66+
7.	3	10	4	11	0	8	5	7	1	9	2	6		66+
8.	6	5	2	3	8	9	11	10	4	0	7	1		66+
9.	3	2	8	11	7	6	4	5	9	0	10	1		66+
10.	4	1	2	6	7	3	8	11	9	5	10	0		66+
														=660
	47+	32+	28+	78+	74+	77+	72+	74+	54+	43+	59+	22	=660

Tablica kosztów
 \	15	19	13	18	
20	3	6	8	4	
28	6	1	2	5	
17	7	8	3	9	

Tablica przewozów
Optymalne rozwiązanie
 \	15	19	13	18	
20	0	2	0	18	
28	0	15	13	0	
17	15	2	0	0	
Funkcja oceny: 246
 indexu = 7
Osobnik nr 72
 \	1.	2.	3.	4.	5.	6.	7.	8.	9.	10.	11.	12.	
1.	3	10	4	11	0	8	5	7	1	9	2	6		66+
2.	4	1	2	6	7	3	8	11	9	5	10	0		66+
3.	6	2	0	9	10	11	7	5	3	8	1	4		66+
4.	4	1	2	6	7	3	8	11	9	5	10	0		66+
5.	3	2	8	11	7	6	4	5	9	0	10	1		66+
6.	3	2	8	11	7	6	4	5	9	0	10	1		66+
7.	6	5	2	3	8	9	11	10	4	0	7	1		66+
8.	6	2	0	9	10	11	7	5	3	8	1	4		66+
9.	6	2	0	9	10	11	7	5	3	8	1	4		66+
10.	6	5	2	3	8	9	11	10	4	0	7	1		66+
														=660
	47+	32+	28+	78+	74+	77+	72+	74+	54+	43+	59+	22	=660

Tablica kosztów
 \	15	19	13	18	
20	3	6	8	4	
28	6	1	2	5	
17	7	8	3	9	

Tablica przewozów
Optymalne rozwiązanie
 \	15	19	13	18	
20	0	2	0	18	
28	0	15	13	0	
17	15	2	0	0	
Funkcja oceny: 246
 indexu = 9
Osobnik nr 73
 \	1.	2.	3.	4.	5.	6.	7.	8.	9.	10.	11.	12.	
1.	6	2	0	9	10	11	7	5	3	8	1	4		66+
2.	6	2	0	9	10	11	7	5	3	8	1	4		66+
3.	6	5	2	3	8	9	11	10	4	0	7	1		66+
4.	4	1	2	6	7	3	8	11	9	5	10	0		66+
5.	4	1	2	6	7	3	8	11	9	5	10	0		66+
6.	3	2	8	11	7	6	4	5	9	0	10	1		66+
7.	3	10	4	11	0	8	5	7	1	9	2	6		66+
8.	6	5	2	3	8	9	11	10	4	0	7	1		66+
9.	3	2	8	11	7	6	4	5	9	0	10	1		66+
10.	6	2	0	9	10	11	7	5	3	8	1	4		66+
														=660
	47+	32+	28+	78+	74+	77+	72+	74+	54+	43+	59+	22	=660

Tablica kosztów
 \	15	19	13	18	
20	3	6	8	4	
28	6	1	2	5	
17	7	8	3	9	

Tablica przewozów
Optymalne rozwiązanie
 \	15	19	13	18	
20	0	2	0	18	
28	0	15	13	0	
17	15	2	0	0	
Funkcja oceny: 246
 indexu = 7
Osobnik nr 74
 \	1.	2.	3.	4.	5.	6.	7.	8.	9.	10.	11.	12.	
1.	4	1	2	6	7	3	8	11	9	5	10	0		66+
2.	6	2	0	9	10	11	7	5	3	8	1	4		66+
3.	6	5	2	3	8	9	11	10	4	0	7	1		66+
4.	3	2	8	11	7	6	4	5	9	0	10	1		66+
5.	6	2	0	9	10	11	7	5	3	8	1	4		66+
6.	6	2	0	9	10	11	7	5	3	8	1	4		66+
7.	4	1	2	6	7	3	8	11	9	5	10	0		66+
8.	3	10	4	11	0	8	5	7	1	9	2	6		66+
9.	6	5	2	3	8	9	11	10	4	0	7	1		66+
10.	3	2	8	11	7	6	4	5	9	0	10	1		66+
														=660
	47+	32+	28+	78+	74+	77+	72+	74+	54+	43+	59+	22	=660

Tablica kosztów
 \	15	19	13	18	
20	3	6	8	4	
28	6	1	2	5	
17	7	8	3	9	

Tablica przewozów
Optymalne rozwiązanie
 \	15	19	13	18	
20	0	2	0	18	
28	0	15	13	0	
17	15	2	0	0	
Funkcja oceny: 246
 indexu = 2
Osobnik nr 75
 \	1.	2.	3.	4.	5.	6.	7.	8.	9.	10.	11.	12.	
1.	6	5	2	3	8	9	11	10	4	0	7	1		66+
2.	3	2	8	11	7	6	4	5	9	0	10	1		66+
3.	6	2	0	9	10	11	7	5	3	8	1	4		66+
4.	6	2	0	9	10	11	7	5	3	8	1	4		66+
5.	3	2	8	11	7	6	4	5	9	0	10	1		66+
6.	6	5	2	3	8	9	11	10	4	0	7	1		66+
7.	6	2	0	9	10	11	7	5	3	8	1	4		66+
8.	4	1	2	6	7	3	8	11	9	5	10	0		66+
9.	3	10	4	11	0	8	5	7	1	9	2	6		66+
10.	4	1	2	6	7	3	8	11	9	5	10	0		66+
														=660
	47+	32+	28+	78+	74+	77+	72+	74+	54+	43+	59+	22	=660

Tablica kosztów
 \	15	19	13	18	
20	3	6	8	4	
28	6	1	2	5	
17	7	8	3	9	

Tablica przewozów
Optymalne rozwiązanie
 \	15	19	13	18	
20	0	2	0	18	
28	0	15	13	0	
17	15	2	0	0	
Funkcja oceny: 246
 indexu = 0
Osobnik nr 76
 \	1.	2.	3.	4.	5.	6.	7.	8.	9.	10.	11.	12.	
1.	6	5	2	3	8	9	11	10	4	0	7	1		66+
2.	3	2	8	11	7	6	4	5	9	0	10	1		66+
3.	6	5	2	3	8	9	11	10	4	0	7	1		66+
4.	6	2	0	9	10	11	7	5	3	8	1	4		66+
5.	4	1	2	6	7	3	8	11	9	5	10	0		66+
6.	3	10	4	11	0	8	5	7	1	9	2	6		66+
7.	4	1	2	6	7	3	8	11	9	5	10	0		66+
8.	6	2	0	9	10	11	7	5	3	8	1	4		66+
9.	6	2	0	9	10	11	7	5	3	8	1	4		66+
10.	3	2	8	11	7	6	4	5	9	0	10	1		66+
														=660
	47+	32+	28+	78+	74+	77+	72+	74+	54+	43+	59+	22	=660

Tablica kosztów
 \	15	19	13	18	
20	3	6	8	4	
28	6	1	2	5	
17	7	8	3	9	

Tablica przewozów
Optymalne rozwiązanie
 \	15	19	13	18	
20	0	2	0	18	
28	0	15	13	0	
17	15	2	0	0	
Funkcja oceny: 246
 indexu = 2
Osobnik nr 77
 \	1.	2.	3.	4.	5.	6.	7.	8.	9.	10.	11.	12.	
1.	6	2	0	9	10	11	7	5	3	8	1	4		66+
2.	6	5	2	3	8	9	11	10	4	0	7	1		66+
3.	3	2	8	11	7	6	4	5	9	0	10	1		66+
4.	3	2	8	11	7	6	4	5	9	0	10	1		66+
5.	4	1	2	6	7	3	8	11	9	5	10	0		66+
6.	6	5	2	3	8	9	11	10	4	0	7	1		66+
7.	4	1	2	6	7	3	8	11	9	5	10	0		66+
8.	6	2	0	9	10	11	7	5	3	8	1	4		66+
9.	3	10	4	11	0	8	5	7	1	9	2	6		66+
10.	6	2	0	9	10	11	7	5	3	8	1	4		66+
														=660
	47+	32+	28+	78+	74+	77+	72+	74+	54+	43+	59+	22	=660

Tablica kosztów
 \	15	19	13	18	
20	3	6	8	4	
28	6	1	2	5	
17	7	8	3	9	

Tablica przewozów
Optymalne rozwiązanie
 \	15	19	13	18	
20	0	2	0	18	
28	0	15	13	0	
17	15	2	0	0	
Funkcja oceny: 246
 indexu = 5
Osobnik nr 78
 \	1.	2.	3.	4.	5.	6.	7.	8.	9.	10.	11.	12.	
1.	6	2	0	9	10	11	7	5	3	8	1	4		66+
2.	3	2	8	11	7	6	4	5	9	0	10	1		66+
3.	6	5	2	3	8	9	11	10	4	0	7	1		66+
4.	3	10	4	11	0	8	5	7	1	9	2	6		66+
5.	6	2	0	9	10	11	7	5	3	8	1	4		66+
6.	6	5	2	3	8	9	11	10	4	0	7	1		66+
7.	6	2	0	9	10	11	7	5	3	8	1	4		66+
8.	3	2	8	11	7	6	4	5	9	0	10	1		66+
9.	4	1	2	6	7	3	8	11	9	5	10	0		66+
10.	4	1	2	6	7	3	8	11	9	5	10	0		66+
														=660
	47+	32+	28+	78+	74+	77+	72+	74+	54+	43+	59+	22	=660

Tablica kosztów
 \	15	19	13	18	
20	3	6	8	4	
28	6	1	2	5	
17	7	8	3	9	

Tablica przewozów
Optymalne rozwiązanie
 \	15	19	13	18	
20	0	2	0	18	
28	0	15	13	0	
17	15	2	0	0	
Funkcja oceny: 246
 indexu = 5
Osobnik nr 79
 \	1.	2.	3.	4.	5.	6.	7.	8.	9.	10.	11.	12.	
1.	6	2	0	9	10	11	7	5	3	8	1	4		66+
2.	6	5	2	3	8	9	11	10	4	0	7	1		66+
3.	6	5	2	3	8	9	11	10	4	0	7	1		66+
4.	4	1	2	6	7	3	8	11	9	5	10	0		66+
5.	6	2	0	9	10	11	7	5	3	8	1	4		66+
6.	3	10	4	11	0	8	5	7	1	9	2	6		66+
7.	3	2	8	11	7	6	4	5	9	0	10	1		66+
8.	6	2	0	9	10	11	7	5	3	8	1	4		66+
9.	4	1	2	6	7	3	8	11	9	5	10	0		66+
10.	3	2	8	11	7	6	4	5	9	0	10	1		66+
														=660
	47+	32+	28+	78+	74+	77+	72+	74+	54+	43+	59+	22	=660

Tablica kosztów
 \	15	19	13	18	
20	3	6	8	4	
28	6	1	2	5	
17	7	8	3	9	

Tablica przewozów
Optymalne rozwiązanie
 \	15	19	13	18	
20	0	2	0	18	
28	0	15	13	0	
17	15	2	0	0	
Funkcja oceny: 246
 indexu = 1
Osobnik nr 80
 \	1.	2.	3.	4.	5.	6.	7.	8.	9.	10.	11.	12.	
1.	6	2	0	9	10	11	7	5	3	8	1	4		66+
2.	6	2	0	9	10	11	7	5	3	8	1	4		66+
3.	4	1	2	6	7	3	8	11	9	5	10	0		66+
4.	3	2	8	11	7	6	4	5	9	0	10	1		66+
5.	6	2	0	9	10	11	7	5	3	8	1	4		66+
6.	3	2	8	11	7	6	4	5	9	0	10	1		66+
7.	6	5	2	3	8	9	11	10	4	0	7	1		66+
8.	6	5	2	3	8	9	11	10	4	0	7	1		66+
9.	4	1	2	6	7	3	8	11	9	5	10	0		66+
10.	3	10	4	11	0	8	5	7	1	9	2	6		66+
														=660
	47+	32+	28+	78+	74+	77+	72+	74+	54+	43+	59+	22	=660

Tablica kosztów
 \	15	19	13	18	
20	3	6	8	4	
28	6	1	2	5	
17	7	8	3	9	

Tablica przewozów
Optymalne rozwiązanie
 \	15	19	13	18	
20	0	2	0	18	
28	0	15	13	0	
17	15	2	0	0	
Funkcja oceny: 246
 indexu = 7
Osobnik nr 81
 \	1.	2.	3.	4.	5.	6.	7.	8.	9.	10.	11.	12.	
1.	6	2	0	9	10	11	7	5	3	8	1	4		66+
2.	3	2	8	11	7	6	4	5	9	0	10	1		66+
3.	3	10	4	11	0	8	5	7	1	9	2	6		66+
4.	4	1	2	6	7	3	8	11	9	5	10	0		66+
5.	6	5	2	3	8	9	11	10	4	0	7	1		66+
6.	4	1	2	6	7	3	8	11	9	5	10	0		66+
7.	6	2	0	9	10	11	7	5	3	8	1	4		66+
8.	6	5	2	3	8	9	11	10	4	0	7	1		66+
9.	6	2	0	9	10	11	7	5	3	8	1	4		66+
10.	3	2	8	11	7	6	4	5	9	0	10	1		66+
														=660
	47+	32+	28+	78+	74+	77+	72+	74+	54+	43+	59+	22	=660

Tablica kosztów
 \	15	19	13	18	
20	3	6	8	4	
28	6	1	2	5	
17	7	8	3	9	

Tablica przewozów
Optymalne rozwiązanie
 \	15	19	13	18	
20	0	2	0	18	
28	0	15	13	0	
17	15	2	0	0	
Funkcja oceny: 246
 indexu = 4
Osobnik nr 82
 \	1.	2.	3.	4.	5.	6.	7.	8.	9.	10.	11.	12.	
1.	6	2	0	9	10	11	7	5	3	8	1	4		66+
2.	6	5	2	3	8	9	11	10	4	0	7	1		66+
3.	4	1	2	6	7	3	8	11	9	5	10	0		66+
4.	4	1	2	6	7	3	8	11	9	5	10	0		66+
5.	3	2	8	11	7	6	4	5	9	0	10	1		66+
6.	3	2	8	11	7	6	4	5	9	0	10	1		66+
7.	3	10	4	11	0	8	5	7	1	9	2	6		66+
8.	6	5	2	3	8	9	11	10	4	0	7	1		66+
9.	6	2	0	9	10	11	7	5	3	8	1	4		66+
10.	6	2	0	9	10	11	7	5	3	8	1	4		66+
														=660
	47+	32+	28+	78+	74+	77+	72+	74+	54+	43+	59+	22	=660

Tablica kosztów
 \	15	19	13	18	
20	3	6	8	4	
28	6	1	2	5	
17	7	8	3	9	

Tablica przewozów
Optymalne rozwiązanie
 \	15	19	13	18	
20	0	2	0	18	
28	0	15	13	0	
17	15	2	0	0	
Funkcja oceny: 246
 indexu = 7
Osobnik nr 83
 \	1.	2.	3.	4.	5.	6.	7.	8.	9.	10.	11.	12.	
1.	6	2	0	9	10	11	7	5	3	8	1	4		66+
2.	6	5	2	3	8	9	11	10	4	0	7	1		66+
3.	3	2	8	11	7	6	4	5	9	0	10	1		66+
4.	3	2	8	11	7	6	4	5	9	0	10	1		66+
5.	6	2	0	9	10	11	7	5	3	8	1	4		66+
6.	4	1	2	6	7	3	8	11	9	5	10	0		66+
7.	3	10	4	11	0	8	5	7	1	9	2	6		66+
8.	4	1	2	6	7	3	8	11	9	5	10	0		66+
9.	6	2	0	9	10	11	7	5	3	8	1	4		66+
10.	6	5	2	3	8	9	11	10	4	0	7	1		66+
														=660
	47+	32+	28+	78+	74+	77+	72+	74+	54+	43+	59+	22	=660

Tablica kosztów
 \	15	19	13	18	
20	3	6	8	4	
28	6	1	2	5	
17	7	8	3	9	

Tablica przewozów
Optymalne rozwiązanie
 \	15	19	13	18	
20	0	2	0	18	
28	0	15	13	0	
17	15	2	0	0	
Funkcja oceny: 246
 indexu = 1
Osobnik nr 84
 \	1.	2.	3.	4.	5.	6.	7.	8.	9.	10.	11.	12.	
1.	6	2	0	9	10	11	7	5	3	8	1	4		66+
2.	6	5	2	3	8	9	11	10	4	0	7	1		66+
3.	6	5	2	3	8	9	11	10	4	0	7	1		66+
4.	3	2	8	11	7	6	4	5	9	0	10	1		66+
5.	4	1	2	6	7	3	8	11	9	5	10	0		66+
6.	3	2	8	11	7	6	4	5	9	0	10	1		66+
7.	4	1	2	6	7	3	8	11	9	5	10	0		66+
8.	6	2	0	9	10	11	7	5	3	8	1	4		66+
9.	3	10	4	11	0	8	5	7	1	9	2	6		66+
10.	6	2	0	9	10	11	7	5	3	8	1	4		66+
														=660
	47+	32+	28+	78+	74+	77+	72+	74+	54+	43+	59+	22	=660

Tablica kosztów
 \	15	19	13	18	
20	3	6	8	4	
28	6	1	2	5	
17	7	8	3	9	

Tablica przewozów
Optymalne rozwiązanie
 \	15	19	13	18	
20	0	2	0	18	
28	0	15	13	0	
17	15	2	0	0	
Funkcja oceny: 246
 indexu = 2
Osobnik nr 85
 \	1.	2.	3.	4.	5.	6.	7.	8.	9.	10.	11.	12.	
1.	6	2	0	9	10	11	7	5	3	8	1	4		66+
2.	4	1	2	6	7	3	8	11	9	5	10	0		66+
3.	6	5	2	3	8	9	11	10	4	0	7	1		66+
4.	6	5	2	3	8	9	11	10	4	0	7	1		66+
5.	3	2	8	11	7	6	4	5	9	0	10	1		66+
6.	6	2	0	9	10	11	7	5	3	8	1	4		66+
7.	6	2	0	9	10	11	7	5	3	8	1	4		66+
8.	3	10	4	11	0	8	5	7	1	9	2	6		66+
9.	4	1	2	6	7	3	8	11	9	5	10	0		66+
10.	3	2	8	11	7	6	4	5	9	0	10	1		66+
														=660
	47+	32+	28+	78+	74+	77+	72+	74+	54+	43+	59+	22	=660

Tablica kosztów
 \	15	19	13	18	
20	3	6	8	4	
28	6	1	2	5	
17	7	8	3	9	

Tablica przewozów
Optymalne rozwiązanie
 \	15	19	13	18	
20	0	2	0	18	
28	0	15	13	0	
17	15	2	0	0	
Funkcja oceny: 246
 indexu = 2
Osobnik nr 86
 \	1.	2.	3.	4.	5.	6.	7.	8.	9.	10.	11.	12.	
1.	6	5	2	3	8	9	11	10	4	0	7	1		66+
2.	4	1	2	6	7	3	8	11	9	5	10	0		66+
3.	6	2	0	9	10	11	7	5	3	8	1	4		66+
4.	6	2	0	9	10	11	7	5	3	8	1	4		66+
5.	6	5	2	3	8	9	11	10	4	0	7	1		66+
6.	3	10	4	11	0	8	5	7	1	9	2	6		66+
7.	4	1	2	6	7	3	8	11	9	5	10	0		66+
8.	3	2	8	11	7	6	4	5	9	0	10	1		66+
9.	6	2	0	9	10	11	7	5	3	8	1	4		66+
10.	3	2	8	11	7	6	4	5	9	0	10	1		66+
														=660
	47+	32+	28+	78+	74+	77+	72+	74+	54+	43+	59+	22	=660

Tablica kosztów
 \	15	19	13	18	
20	3	6	8	4	
28	6	1	2	5	
17	7	8	3	9	

Tablica przewozów
Optymalne rozwiązanie
 \	15	19	13	18	
20	0	2	0	18	
28	0	15	13	0	
17	15	2	0	0	
Funkcja oceny: 246
 indexu = 0
Osobnik nr 87
 \	1.	2.	3.	4.	5.	6.	7.	8.	9.	10.	11.	12.	
1.	3	10	4	11	0	8	5	7	1	9	2	6		66+
2.	6	2	0	9	10	11	7	5	3	8	1	4		66+
3.	6	2	0	9	10	11	7	5	3	8	1	4		66+
4.	3	2	8	11	7	6	4	5	9	0	10	1		66+
5.	3	2	8	11	7	6	4	5	9	0	10	1		66+
6.	4	1	2	6	7	3	8	11	9	5	10	0		66+
7.	6	5	2	3	8	9	11	10	4	0	7	1		66+
8.	6	2	0	9	10	11	7	5	3	8	1	4		66+
9.	4	1	2	6	7	3	8	11	9	5	10	0		66+
10.	6	5	2	3	8	9	11	10	4	0	7	1		66+
														=660
	47+	32+	28+	78+	74+	77+	72+	74+	54+	43+	59+	22	=660

Tablica kosztów
 \	15	19	13	18	
20	3	6	8	4	
28	6	1	2	5	
17	7	8	3	9	

Tablica przewozów
Optymalne rozwiązanie
 \	15	19	13	18	
20	0	2	0	18	
28	0	15	13	0	
17	15	2	0	0	
Funkcja oceny: 246
 indexu = 6
Osobnik nr 88
 \	1.	2.	3.	4.	5.	6.	7.	8.	9.	10.	11.	12.	
1.	3	2	8	11	7	6	4	5	9	0	10	1		66+
2.	6	5	2	3	8	9	11	10	4	0	7	1		66+
3.	4	1	2	6	7	3	8	11	9	5	10	0		66+
4.	3	2	8	11	7	6	4	5	9	0	10	1		66+
5.	4	1	2	6	7	3	8	11	9	5	10	0		66+
6.	6	5	2	3	8	9	11	10	4	0	7	1		66+
7.	6	2	0	9	10	11	7	5	3	8	1	4		66+
8.	6	2	0	9	10	11	7	5	3	8	1	4		66+
9.	3	10	4	11	0	8	5	7	1	9	2	6		66+
10.	6	2	0	9	10	11	7	5	3	8	1	4		66+
														=660
	47+	32+	28+	78+	74+	77+	72+	74+	54+	43+	59+	22	=660

Tablica kosztów
 \	15	19	13	18	
20	3	6	8	4	
28	6	1	2	5	
17	7	8	3	9	

Tablica przewozów
Optymalne rozwiązanie
 \	15	19	13	18	
20	0	2	0	18	
28	0	15	13	0	
17	15	2	0	0	
Funkcja oceny: 246
 indexu = 5
Osobnik nr 89
 \	1.	2.	3.	4.	5.	6.	7.	8.	9.	10.	11.	12.	
1.	3	2	8	11	7	6	4	5	9	0	10	1		66+
2.	6	2	0	9	10	11	7	5	3	8	1	4		66+
3.	3	10	4	11	0	8	5	7	1	9	2	6		66+
4.	6	2	0	9	10	11	7	5	3	8	1	4		66+
5.	6	5	2	3	8	9	11	10	4	0	7	1		66+
6.	3	2	8	11	7	6	4	5	9	0	10	1		66+
7.	6	2	0	9	10	11	7	5	3	8	1	4		66+
8.	6	5	2	3	8	9	11	10	4	0	7	1		66+
9.	4	1	2	6	7	3	8	11	9	5	10	0		66+
10.	4	1	2	6	7	3	8	11	9	5	10	0		66+
														=660
	47+	32+	28+	78+	74+	77+	72+	74+	54+	43+	59+	22	=660

Tablica kosztów
 \	15	19	13	18	
20	3	6	8	4	
28	6	1	2	5	
17	7	8	3	9	

Tablica przewozów
Optymalne rozwiązanie
 \	15	19	13	18	
20	0	2	0	18	
28	0	15	13	0	
17	15	2	0	0	
Funkcja oceny: 246
 indexu = 7
Osobnik nr 90
 \	1.	2.	3.	4.	5.	6.	7.	8.	9.	10.	11.	12.	
1.	4	1	2	6	7	3	8	11	9	5	10	0		66+
2.	4	1	2	6	7	3	8	11	9	5	10	0		66+
3.	3	2	8	11	7	6	4	5	9	0	10	1		66+
4.	6	2	0	9	10	11	7	5	3	8	1	4		66+
5.	6	2	0	9	10	11	7	5	3	8	1	4		66+
6.	3	2	8	11	7	6	4	5	9	0	10	1		66+
7.	6	5	2	3	8	9	11	10	4	0	7	1		66+
8.	6	2	0	9	10	11	7	5	3	8	1	4		66+
9.	3	10	4	11	0	8	5	7	1	9	2	6		66+
10.	6	5	2	3	8	9	11	10	4	0	7	1		66+
														=660
	47+	32+	28+	78+	74+	77+	72+	74+	54+	43+	59+	22	=660

Tablica kosztów
 \	15	19	13	18	
20	3	6	8	4	
28	6	1	2	5	
17	7	8	3	9	

Tablica przewozów
Optymalne rozwiązanie
 \	15	19	13	18	
20	0	2	0	18	
28	0	15	13	0	
17	15	2	0	0	
Funkcja oceny: 246
 indexu = 9
Osobnik nr 91
 \	1.	2.	3.	4.	5.	6.	7.	8.	9.	10.	11.	12.	
1.	6	2	0	9	10	11	7	5	3	8	1	4		66+
2.	6	5	2	3	8	9	11	10	4	0	7	1		66+
3.	4	1	2	6	7	3	8	11	9	5	10	0		66+
4.	6	2	0	9	10	11	7	5	3	8	1	4		66+
5.	3	10	4	11	0	8	5	7	1	9	2	6		66+
6.	3	2	8	11	7	6	4	5	9	0	10	1		66+
7.	6	5	2	3	8	9	11	10	4	0	7	1		66+
8.	6	2	0	9	10	11	7	5	3	8	1	4		66+
9.	3	2	8	11	7	6	4	5	9	0	10	1		66+
10.	4	1	2	6	7	3	8	11	9	5	10	0		66+
														=660
	47+	32+	28+	78+	74+	77+	72+	74+	54+	43+	59+	22	=660

Tablica kosztów
 \	15	19	13	18	
20	3	6	8	4	
28	6	1	2	5	
17	7	8	3	9	

Tablica przewozów
Optymalne rozwiązanie
 \	15	19	13	18	
20	0	2	0	18	
28	0	15	13	0	
17	15	2	0	0	
Funkcja oceny: 246
 indexu = 1
Osobnik nr 92
 \	1.	2.	3.	4.	5.	6.	7.	8.	9.	10.	11.	12.	
1.	6	2	0	9	10	11	7	5	3	8	1	4		66+
2.	6	5	2	3	8	9	11	10	4	0	7	1		66+
3.	3	10	4	11	0	8	5	7	1	9	2	6		66+
4.	3	2	8	11	7	6	4	5	9	0	10	1		66+
5.	6	2	0	9	10	11	7	5	3	8	1	4		66+
6.	6	2	0	9	10	11	7	5	3	8	1	4		66+
7.	4	1	2	6	7	3	8	11	9	5	10	0		66+
8.	3	2	8	11	7	6	4	5	9	0	10	1		66+
9.	6	5	2	3	8	9	11	10	4	0	7	1		66+
10.	4	1	2	6	7	3	8	11	9	5	10	0		66+
														=660
	47+	32+	28+	78+	74+	77+	72+	74+	54+	43+	59+	22	=660

Tablica kosztów
 \	15	19	13	18	
20	3	6	8	4	
28	6	1	2	5	
17	7	8	3	9	

Tablica przewozów
Optymalne rozwiązanie
 \	15	19	13	18	
20	0	2	0	18	
28	0	15	13	0	
17	15	2	0	0	
Funkcja oceny: 246
 indexu = 1
Osobnik nr 93
 \	1.	2.	3.	4.	5.	6.	7.	8.	9.	10.	11.	12.	
1.	3	10	4	11	0	8	5	7	1	9	2	6		66+
2.	3	2	8	11	7	6	4	5	9	0	10	1		66+
3.	6	2	0	9	10	11	7	5	3	8	1	4		66+
4.	3	2	8	11	7	6	4	5	9	0	10	1		66+
5.	6	5	2	3	8	9	11	10	4	0	7	1		66+
6.	6	5	2	3	8	9	11	10	4	0	7	1		66+
7.	4	1	2	6	7	3	8	11	9	5	10	0		66+
8.	4	1	2	6	7	3	8	11	9	5	10	0		66+
9.	6	2	0	9	10	11	7	5	3	8	1	4		66+
10.	6	2	0	9	10	11	7	5	3	8	1	4		66+
														=660
	47+	32+	28+	78+	74+	77+	72+	74+	54+	43+	59+	22	=660

Tablica kosztów
 \	15	19	13	18	
20	3	6	8	4	
28	6	1	2	5	
17	7	8	3	9	

Tablica przewozów
Optymalne rozwiązanie
 \	15	19	13	18	
20	0	2	0	18	
28	0	15	13	0	
17	15	2	0	0	
Funkcja oceny: 246
 indexu = 4
Osobnik nr 94
 \	1.	2.	3.	4.	5.	6.	7.	8.	9.	10.	11.	12.	
1.	6	2	0	9	10	11	7	5	3	8	1	4		66+
2.	3	2	8	11	7	6	4	5	9	0	10	1		66+
3.	6	5	2	3	8	9	11	10	4	0	7	1		66+
4.	6	5	2	3	8	9	11	10	4	0	7	1		66+
5.	4	1	2	6	7	3	8	11	9	5	10	0		66+
6.	3	10	4	11	0	8	5	7	1	9	2	6		66+
7.	6	2	0	9	10	11	7	5	3	8	1	4		66+
8.	3	2	8	11	7	6	4	5	9	0	10	1		66+
9.	6	2	0	9	10	11	7	5	3	8	1	4		66+
10.	4	1	2	6	7	3	8	11	9	5	10	0		66+
														=660
	47+	32+	28+	78+	74+	77+	72+	74+	54+	43+	59+	22	=660

Tablica kosztów
 \	15	19	13	18	
20	3	6	8	4	
28	6	1	2	5	
17	7	8	3	9	

Tablica przewozów
Optymalne rozwiązanie
 \	15	19	13	18	
20	0	2	0	18	
28	0	15	13	0	
17	15	2	0	0	
Funkcja oceny: 246
 indexu = 2
Osobnik nr 95
 \	1.	2.	3.	4.	5.	6.	7.	8.	9.	10.	11.	12.	
1.	3	2	8	11	7	6	4	5	9	0	10	1		66+
2.	6	5	2	3	8	9	11	10	4	0	7	1		66+
3.	6	2	0	9	10	11	7	5	3	8	1	4		66+
4.	6	5	2	3	8	9	11	10	4	0	7	1		66+
5.	3	2	8	11	7	6	4	5	9	0	10	1		66+
6.	3	10	4	11	0	8	5	7	1	9	2	6		66+
7.	4	1	2	6	7	3	8	11	9	5	10	0		66+
8.	4	1	2	6	7	3	8	11	9	5	10	0		66+
9.	6	2	0	9	10	11	7	5	3	8	1	4		66+
10.	6	2	0	9	10	11	7	5	3	8	1	4		66+
														=660
	47+	32+	28+	78+	74+	77+	72+	74+	54+	43+	59+	22	=660

Tablica kosztów
 \	15	19	13	18	
20	3	6	8	4	
28	6	1	2	5	
17	7	8	3	9	

Tablica przewozów
Optymalne rozwiązanie
 \	15	19	13	18	
20	0	2	0	18	
28	0	15	13	0	
17	15	2	0	0	
Funkcja oceny: 246
 indexu = 3
Osobnik nr 96
 \	1.	2.	3.	4.	5.	6.	7.	8.	9.	10.	11.	12.	
1.	3	2	8	11	7	6	4	5	9	0	10	1		66+
2.	3	10	4	11	0	8	5	7	1	9	2	6		66+
3.	6	2	0	9	10	11	7	5	3	8	1	4		66+
4.	3	2	8	11	7	6	4	5	9	0	10	1		66+
5.	6	2	0	9	10	11	7	5	3	8	1	4		66+
6.	6	2	0	9	10	11	7	5	3	8	1	4		66+
7.	4	1	2	6	7	3	8	11	9	5	10	0		66+
8.	4	1	2	6	7	3	8	11	9	5	10	0		66+
9.	6	5	2	3	8	9	11	10	4	0	7	1		66+
10.	6	5	2	3	8	9	11	10	4	0	7	1		66+
														=660
	47+	32+	28+	78+	74+	77+	72+	74+	54+	43+	59+	22	=660

Tablica kosztów
 \	15	19	13	18	
20	3	6	8	4	
28	6	1	2	5	
17	7	8	3	9	

Tablica przewozów
Optymalne rozwiązanie
 \	15	19	13	18	
20	0	2	0	18	
28	0	15	13	0	
17	15	2	0	0	
Funkcja oceny: 246
 indexu = 9
Osobnik nr 97
 \	1.	2.	3.	4.	5.	6.	7.	8.	9.	10.	11.	12.	
1.	6	2	0	9	10	11	7	5	3	8	1	4		66+
2.	3	10	4	11	0	8	5	7	1	9	2	6		66+
3.	4	1	2	6	7	3	8	11	9	5	10	0		66+
4.	6	2	0	9	10	11	7	5	3	8	1	4		66+
5.	4	1	2	6	7	3	8	11	9	5	10	0		66+
6.	6	5	2	3	8	9	11	10	4	0	7	1		66+
7.	6	2	0	9	10	11	7	5	3	8	1	4		66+
8.	3	2	8	11	7	6	4	5	9	0	10	1		66+
9.	6	5	2	3	8	9	11	10	4	0	7	1		66+
10.	3	2	8	11	7	6	4	5	9	0	10	1		66+
														=660
	47+	32+	28+	78+	74+	77+	72+	74+	54+	43+	59+	22	=660

Tablica kosztów
 \	15	19	13	18	
20	3	6	8	4	
28	6	1	2	5	
17	7	8	3	9	

Tablica przewozów
Optymalne rozwiązanie
 \	15	19	13	18	
20	0	2	0	18	
28	0	15	13	0	
17	15	2	0	0	
Funkcja oceny: 246
 indexu = 5
Osobnik nr 98
 \	1.	2.	3.	4.	5.	6.	7.	8.	9.	10.	11.	12.	
1.	6	5	2	3	8	9	11	10	4	0	7	1		66+
2.	4	1	2	6	7	3	8	11	9	5	10	0		66+
3.	6	2	0	9	10	11	7	5	3	8	1	4		66+
4.	3	10	4	11	0	8	5	7	1	9	2	6		66+
5.	6	2	0	9	10	11	7	5	3	8	1	4		66+
6.	6	2	0	9	10	11	7	5	3	8	1	4		66+
7.	3	2	8	11	7	6	4	5	9	0	10	1		66+
8.	6	5	2	3	8	9	11	10	4	0	7	1		66+
9.	4	1	2	6	7	3	8	11	9	5	10	0		66+
10.	3	2	8	11	7	6	4	5	9	0	10	1		66+
														=660
	47+	32+	28+	78+	74+	77+	72+	74+	54+	43+	59+	22	=660

Tablica kosztów
 \	15	19	13	18	
20	3	6	8	4	
28	6	1	2	5	
17	7	8	3	9	

Tablica przewozów
Optymalne rozwiązanie
 \	15	19	13	18	
20	0	2	0	18	
28	0	15	13	0	
17	15	2	0	0	
Funkcja oceny: 246
 indexu = 0
Osobnik nr 99
 \	1.	2.	3.	4.	5.	6.	7.	8.	9.	10.	11.	12.	
1.	3	2	8	11	7	6	4	5	9	0	10	1		66+
2.	6	5	2	3	8	9	11	10	4	0	7	1		66+
3.	6	2	0	9	10	11	7	5	3	8	1	4		66+
4.	6	2	0	9	10	11	7	5	3	8	1	4		66+
5.	6	5	2	3	8	9	11	10	4	0	7	1		66+
6.	4	1	2	6	7	3	8	11	9	5	10	0		66+
7.	3	10	4	11	0	8	5	7	1	9	2	6		66+
8.	6	2	0	9	10	11	7	5	3	8	1	4		66+
9.	3	2	8	11	7	6	4	5	9	0	10	1		66+
10.	4	1	2	6	7	3	8	11	9	5	10	0		66+
														=660
	47+	32+	28+	78+	74+	77+	72+	74+	54+	43+	59+	22	=660

Tablica kosztów
 \	15	19	13	18	
20	3	6	8	4	
28	6	1	2	5	
17	7	8	3	9	

Tablica przewozów
Optymalne rozwiązanie
 \	15	19	13	18	
20	0	2	0	18	
28	0	15	13	0	
17	15	2	0	0	
Funkcja oceny: 246
 indexu = 1
Osobnik nr 100
 \	1.	2.	3.	4.	5.	6.	7.	8.	9.	10.	11.	12.	
1.	6	5	2	3	8	9	11	10	4	0	7	1		66+
2.	6	2	0	9	10	11	7	5	3	8	1	4		66+
3.	3	2	8	11	7	6	4	5	9	0	10	1		66+
4.	4	1	2	6	7	3	8	11	9	5	10	0		66+
5.	4	1	2	6	7	3	8	11	9	5	10	0		66+
6.	6	2	0	9	10	11	7	5	3	8	1	4		66+
7.	6	2	0	9	10	11	7	5	3	8	1	4		66+
8.	3	10	4	11	0	8	5	7	1	9	2	6		66+
9.	3	2	8	11	7	6	4	5	9	0	10	1		66+
10.	6	5	2	3	8	9	11	10	4	0	7	1		66+
														=660
	47+	32+	28+	78+	74+	77+	72+	74+	54+	43+	59+	22	=660

Tablica kosztów
 \	15	19	13	18	
20	3	6	8	4	
28	6	1	2	5	
17	7	8	3	9	

Tablica przewozów
Optymalne rozwiązanie
 \	15	19	13	18	
20	0	2	0	18	
28	0	15	13	0	
17	15	2	0	0	
Funkcja oceny: 246
 indexu = 0
Algorytm genetyczny: 

