Problem transportowy
Osobnik nr 1
 \	1.	2.	3.	4.	5.	6.	7.	8.	9.	10.	11.	12.	
1.	6	0	10	3	9	8	5	1	11	7	4	2		66+
2.	8	10	6	1	2	7	3	0	11	5	9	4		66+
3.	1	0	3	8	9	6	4	5	2	10	7	11		66+
4.	6	0	10	3	9	8	5	1	11	7	4	2		66+
5.	2	7	9	0	1	4	11	5	10	8	6	3		66+
6.	9	5	8	3	0	10	7	2	1	4	11	6		66+
7.	2	7	9	0	1	4	11	5	10	8	6	3		66+
8.	6	0	10	3	9	8	5	1	11	7	4	2		66+
9.	1	0	3	8	9	6	4	5	2	10	7	11		66+
10.	8	10	6	1	2	7	3	0	11	5	9	4		66+
														=660
	49+	39+	74+	30+	51+	68+	58+	25+	80+	71+	67+	48	=660

Tablica kosztów
 \	5	15	15	10	
15	10	0	20	11	
25	12	7	9	20	
5	0	14	16	18	

Tablica przewozów
Optymalne rozwiązanie
 \	5	15	15	10	
15	0	15	0	0	
25	0	0	15	10	
5	5	0	0	0	
Funkcja oceny: 335
 indexu = 9
Osobnik nr 2
 \	1.	2.	3.	4.	5.	6.	7.	8.	9.	10.	11.	12.	
1.	1	0	3	8	9	6	4	5	2	10	7	11		66+
2.	6	0	10	3	9	8	5	1	11	7	4	2		66+
3.	8	10	6	1	2	7	3	0	11	5	9	4		66+
4.	6	0	10	3	9	8	5	1	11	7	4	2		66+
5.	1	0	3	8	9	6	4	5	2	10	7	11		66+
6.	8	10	6	1	2	7	3	0	11	5	9	4		66+
7.	2	7	9	0	1	4	11	5	10	8	6	3		66+
8.	9	5	8	3	0	10	7	2	1	4	11	6		66+
9.	2	7	9	0	1	4	11	5	10	8	6	3		66+
10.	6	0	10	3	9	8	5	1	11	7	4	2		66+
														=660
	49+	39+	74+	30+	51+	68+	58+	25+	80+	71+	67+	48	=660

Tablica kosztów
 \	5	15	15	10	
15	10	0	20	11	
25	12	7	9	20	
5	0	14	16	18	

Tablica przewozów
Optymalne rozwiązanie
 \	5	15	15	10	
15	0	15	0	0	
25	0	0	15	10	
5	5	0	0	0	
Funkcja oceny: 335
 indexu = 4
Osobnik nr 3
 \	1.	2.	3.	4.	5.	6.	7.	8.	9.	10.	11.	12.	
1.	1	0	3	8	9	6	4	5	2	10	7	11		66+
2.	9	5	8	3	0	10	7	2	1	4	11	6		66+
3.	8	10	6	1	2	7	3	0	11	5	9	4		66+
4.	8	10	6	1	2	7	3	0	11	5	9	4		66+
5.	6	0	10	3	9	8	5	1	11	7	4	2		66+
6.	1	0	3	8	9	6	4	5	2	10	7	11		66+
7.	6	0	10	3	9	8	5	1	11	7	4	2		66+
8.	2	7	9	0	1	4	11	5	10	8	6	3		66+
9.	6	0	10	3	9	8	5	1	11	7	4	2		66+
10.	2	7	9	0	1	4	11	5	10	8	6	3		66+
														=660
	49+	39+	74+	30+	51+	68+	58+	25+	80+	71+	67+	48	=660

Tablica kosztów
 \	5	15	15	10	
15	10	0	20	11	
25	12	7	9	20	
5	0	14	16	18	

Tablica przewozów
Optymalne rozwiązanie
 \	5	15	15	10	
15	0	15	0	0	
25	0	0	15	10	
5	5	0	0	0	
Funkcja oceny: 335
 indexu = 0
Osobnik nr 4
 \	1.	2.	3.	4.	5.	6.	7.	8.	9.	10.	11.	12.	
1.	6	0	10	3	9	8	5	1	11	7	4	2		66+
2.	6	0	10	3	9	8	5	1	11	7	4	2		66+
3.	1	0	3	8	9	6	4	5	2	10	7	11		66+
4.	1	0	3	8	9	6	4	5	2	10	7	11		66+
5.	2	7	9	0	1	4	11	5	10	8	6	3		66+
6.	2	7	9	0	1	4	11	5	10	8	6	3		66+
7.	8	10	6	1	2	7	3	0	11	5	9	4		66+
8.	9	5	8	3	0	10	7	2	1	4	11	6		66+
9.	6	0	10	3	9	8	5	1	11	7	4	2		66+
10.	8	10	6	1	2	7	3	0	11	5	9	4		66+
														=660
	49+	39+	74+	30+	51+	68+	58+	25+	80+	71+	67+	48	=660

Tablica kosztów
 \	5	15	15	10	
15	10	0	20	11	
25	12	7	9	20	
5	0	14	16	18	

Tablica przewozów
Optymalne rozwiązanie
 \	5	15	15	10	
15	0	15	0	0	
25	0	0	15	10	
5	5	0	0	0	
Funkcja oceny: 335
 indexu = 9
Osobnik nr 5
 \	1.	2.	3.	4.	5.	6.	7.	8.	9.	10.	11.	12.	
1.	8	10	6	1	2	7	3	0	11	5	9	4		66+
2.	6	0	10	3	9	8	5	1	11	7	4	2		66+
3.	9	5	8	3	0	10	7	2	1	4	11	6		66+
4.	2	7	9	0	1	4	11	5	10	8	6	3		66+
5.	1	0	3	8	9	6	4	5	2	10	7	11		66+
6.	1	0	3	8	9	6	4	5	2	10	7	11		66+
7.	6	0	10	3	9	8	5	1	11	7	4	2		66+
8.	2	7	9	0	1	4	11	5	10	8	6	3		66+
9.	8	10	6	1	2	7	3	0	11	5	9	4		66+
10.	6	0	10	3	9	8	5	1	11	7	4	2		66+
														=660
	49+	39+	74+	30+	51+	68+	58+	25+	80+	71+	67+	48	=660

Tablica kosztów
 \	5	15	15	10	
15	10	0	20	11	
25	12	7	9	20	
5	0	14	16	18	

Tablica przewozów
Optymalne rozwiązanie
 \	5	15	15	10	
15	0	15	0	0	
25	0	0	15	10	
5	5	0	0	0	
Funkcja oceny: 335
 indexu = 5
Osobnik nr 6
 \	1.	2.	3.	4.	5.	6.	7.	8.	9.	10.	11.	12.	
1.	6	0	10	3	9	8	5	1	11	7	4	2		66+
2.	1	0	3	8	9	6	4	5	2	10	7	11		66+
3.	9	5	8	3	0	10	7	2	1	4	11	6		66+
4.	8	10	6	1	2	7	3	0	11	5	9	4		66+
5.	2	7	9	0	1	4	11	5	10	8	6	3		66+
6.	2	7	9	0	1	4	11	5	10	8	6	3		66+
7.	8	10	6	1	2	7	3	0	11	5	9	4		66+
8.	1	0	3	8	9	6	4	5	2	10	7	11		66+
9.	6	0	10	3	9	8	5	1	11	7	4	2		66+
10.	6	0	10	3	9	8	5	1	11	7	4	2		66+
														=660
	49+	39+	74+	30+	51+	68+	58+	25+	80+	71+	67+	48	=660

Tablica kosztów
 \	5	15	15	10	
15	10	0	20	11	
25	12	7	9	20	
5	0	14	16	18	

Tablica przewozów
Optymalne rozwiązanie
 \	5	15	15	10	
15	0	15	0	0	
25	0	0	15	10	
5	5	0	0	0	
Funkcja oceny: 335
 indexu = 3
Osobnik nr 7
 \	1.	2.	3.	4.	5.	6.	7.	8.	9.	10.	11.	12.	
1.	6	0	10	3	9	8	5	1	11	7	4	2		66+
2.	6	0	10	3	9	8	5	1	11	7	4	2		66+
3.	8	10	6	1	2	7	3	0	11	5	9	4		66+
4.	1	0	3	8	9	6	4	5	2	10	7	11		66+
5.	2	7	9	0	1	4	11	5	10	8	6	3		66+
6.	2	7	9	0	1	4	11	5	10	8	6	3		66+
7.	6	0	10	3	9	8	5	1	11	7	4	2		66+
8.	1	0	3	8	9	6	4	5	2	10	7	11		66+
9.	8	10	6	1	2	7	3	0	11	5	9	4		66+
10.	9	5	8	3	0	10	7	2	1	4	11	6		66+
														=660
	49+	39+	74+	30+	51+	68+	58+	25+	80+	71+	67+	48	=660

Tablica kosztów
 \	5	15	15	10	
15	10	0	20	11	
25	12	7	9	20	
5	0	14	16	18	

Tablica przewozów
Optymalne rozwiązanie
 \	5	15	15	10	
15	0	15	0	0	
25	0	0	15	10	
5	5	0	0	0	
Funkcja oceny: 335
 indexu = 2
Osobnik nr 8
 \	1.	2.	3.	4.	5.	6.	7.	8.	9.	10.	11.	12.	
1.	9	5	8	3	0	10	7	2	1	4	11	6		66+
2.	8	10	6	1	2	7	3	0	11	5	9	4		66+
3.	6	0	10	3	9	8	5	1	11	7	4	2		66+
4.	6	0	10	3	9	8	5	1	11	7	4	2		66+
5.	2	7	9	0	1	4	11	5	10	8	6	3		66+
6.	2	7	9	0	1	4	11	5	10	8	6	3		66+
7.	1	0	3	8	9	6	4	5	2	10	7	11		66+
8.	8	10	6	1	2	7	3	0	11	5	9	4		66+
9.	6	0	10	3	9	8	5	1	11	7	4	2		66+
10.	1	0	3	8	9	6	4	5	2	10	7	11		66+
														=660
	49+	39+	74+	30+	51+	68+	58+	25+	80+	71+	67+	48	=660

Tablica kosztów
 \	5	15	15	10	
15	10	0	20	11	
25	12	7	9	20	
5	0	14	16	18	

Tablica przewozów
Optymalne rozwiązanie
 \	5	15	15	10	
15	0	15	0	0	
25	0	0	15	10	
5	5	0	0	0	
Funkcja oceny: 335
 indexu = 7
Osobnik nr 9
 \	1.	2.	3.	4.	5.	6.	7.	8.	9.	10.	11.	12.	
1.	1	0	3	8	9	6	4	5	2	10	7	11		66+
2.	2	7	9	0	1	4	11	5	10	8	6	3		66+
3.	1	0	3	8	9	6	4	5	2	10	7	11		66+
4.	2	7	9	0	1	4	11	5	10	8	6	3		66+
5.	8	10	6	1	2	7	3	0	11	5	9	4		66+
6.	8	10	6	1	2	7	3	0	11	5	9	4		66+
7.	6	0	10	3	9	8	5	1	11	7	4	2		66+
8.	6	0	10	3	9	8	5	1	11	7	4	2		66+
9.	9	5	8	3	0	10	7	2	1	4	11	6		66+
10.	6	0	10	3	9	8	5	1	11	7	4	2		66+
														=660
	49+	39+	74+	30+	51+	68+	58+	25+	80+	71+	67+	48	=660

Tablica kosztów
 \	5	15	15	10	
15	10	0	20	11	
25	12	7	9	20	
5	0	14	16	18	

Tablica przewozów
Optymalne rozwiązanie
 \	5	15	15	10	
15	0	15	0	0	
25	0	0	15	10	
5	5	0	0	0	
Funkcja oceny: 335
 indexu = 4
Osobnik nr 10
 \	1.	2.	3.	4.	5.	6.	7.	8.	9.	10.	11.	12.	
1.	6	0	10	3	9	8	5	1	11	7	4	2		66+
2.	9	5	8	3	0	10	7	2	1	4	11	6		66+
3.	1	0	3	8	9	6	4	5	2	10	7	11		66+
4.	2	7	9	0	1	4	11	5	10	8	6	3		66+
5.	8	10	6	1	2	7	3	0	11	5	9	4		66+
6.	6	0	10	3	9	8	5	1	11	7	4	2		66+
7.	1	0	3	8	9	6	4	5	2	10	7	11		66+
8.	6	0	10	3	9	8	5	1	11	7	4	2		66+
9.	2	7	9	0	1	4	11	5	10	8	6	3		66+
10.	8	10	6	1	2	7	3	0	11	5	9	4		66+
														=660
	49+	39+	74+	30+	51+	68+	58+	25+	80+	71+	67+	48	=660

Tablica kosztów
 \	5	15	15	10	
15	10	0	20	11	
25	12	7	9	20	
5	0	14	16	18	

Tablica przewozów
Optymalne rozwiązanie
 \	5	15	15	10	
15	0	15	0	0	
25	0	0	15	10	
5	5	0	0	0	
Funkcja oceny: 335
 indexu = 4
Osobnik nr 11
 \	1.	2.	3.	4.	5.	6.	7.	8.	9.	10.	11.	12.	
1.	6	0	10	3	9	8	5	1	11	7	4	2		66+
2.	6	0	10	3	9	8	5	1	11	7	4	2		66+
3.	8	10	6	1	2	7	3	0	11	5	9	4		66+
4.	1	0	3	8	9	6	4	5	2	10	7	11		66+
5.	2	7	9	0	1	4	11	5	10	8	6	3		66+
6.	2	7	9	0	1	4	11	5	10	8	6	3		66+
7.	8	10	6	1	2	7	3	0	11	5	9	4		66+
8.	1	0	3	8	9	6	4	5	2	10	7	11		66+
9.	6	0	10	3	9	8	5	1	11	7	4	2		66+
10.	9	5	8	3	0	10	7	2	1	4	11	6		66+
														=660
	49+	39+	74+	30+	51+	68+	58+	25+	80+	71+	67+	48	=660

Tablica kosztów
 \	5	15	15	10	
15	10	0	20	11	
25	12	7	9	20	
5	0	14	16	18	

Tablica przewozów
Optymalne rozwiązanie
 \	5	15	15	10	
15	0	15	0	0	
25	0	0	15	10	
5	5	0	0	0	
Funkcja oceny: 335
 indexu = 3
Osobnik nr 12
 \	1.	2.	3.	4.	5.	6.	7.	8.	9.	10.	11.	12.	
1.	2	7	9	0	1	4	11	5	10	8	6	3		66+
2.	6	0	10	3	9	8	5	1	11	7	4	2		66+
3.	1	0	3	8	9	6	4	5	2	10	7	11		66+
4.	8	10	6	1	2	7	3	0	11	5	9	4		66+
5.	1	0	3	8	9	6	4	5	2	10	7	11		66+
6.	6	0	10	3	9	8	5	1	11	7	4	2		66+
7.	2	7	9	0	1	4	11	5	10	8	6	3		66+
8.	9	5	8	3	0	10	7	2	1	4	11	6		66+
9.	6	0	10	3	9	8	5	1	11	7	4	2		66+
10.	8	10	6	1	2	7	3	0	11	5	9	4		66+
														=660
	49+	39+	74+	30+	51+	68+	58+	25+	80+	71+	67+	48	=660

Tablica kosztów
 \	5	15	15	10	
15	10	0	20	11	
25	12	7	9	20	
5	0	14	16	18	

Tablica przewozów
Optymalne rozwiązanie
 \	5	15	15	10	
15	0	15	0	0	
25	0	0	15	10	
5	5	0	0	0	
Funkcja oceny: 335
 indexu = 4
Osobnik nr 13
 \	1.	2.	3.	4.	5.	6.	7.	8.	9.	10.	11.	12.	
1.	8	10	6	1	2	7	3	0	11	5	9	4		66+
2.	2	7	9	0	1	4	11	5	10	8	6	3		66+
3.	2	7	9	0	1	4	11	5	10	8	6	3		66+
4.	6	0	10	3	9	8	5	1	11	7	4	2		66+
5.	8	10	6	1	2	7	3	0	11	5	9	4		66+
6.	1	0	3	8	9	6	4	5	2	10	7	11		66+
7.	6	0	10	3	9	8	5	1	11	7	4	2		66+
8.	9	5	8	3	0	10	7	2	1	4	11	6		66+
9.	1	0	3	8	9	6	4	5	2	10	7	11		66+
10.	6	0	10	3	9	8	5	1	11	7	4	2		66+
														=660
	49+	39+	74+	30+	51+	68+	58+	25+	80+	71+	67+	48	=660

Tablica kosztów
 \	5	15	15	10	
15	10	0	20	11	
25	12	7	9	20	
5	0	14	16	18	

Tablica przewozów
Optymalne rozwiązanie
 \	5	15	15	10	
15	0	15	0	0	
25	0	0	15	10	
5	5	0	0	0	
Funkcja oceny: 335
 indexu = 8
Osobnik nr 14
 \	1.	2.	3.	4.	5.	6.	7.	8.	9.	10.	11.	12.	
1.	1	0	3	8	9	6	4	5	2	10	7	11		66+
2.	2	7	9	0	1	4	11	5	10	8	6	3		66+
3.	6	0	10	3	9	8	5	1	11	7	4	2		66+
4.	6	0	10	3	9	8	5	1	11	7	4	2		66+
5.	8	10	6	1	2	7	3	0	11	5	9	4		66+
6.	6	0	10	3	9	8	5	1	11	7	4	2		66+
7.	1	0	3	8	9	6	4	5	2	10	7	11		66+
8.	9	5	8	3	0	10	7	2	1	4	11	6		66+
9.	8	10	6	1	2	7	3	0	11	5	9	4		66+
10.	2	7	9	0	1	4	11	5	10	8	6	3		66+
														=660
	49+	39+	74+	30+	51+	68+	58+	25+	80+	71+	67+	48	=660

Tablica kosztów
 \	5	15	15	10	
15	10	0	20	11	
25	12	7	9	20	
5	0	14	16	18	

Tablica przewozów
Optymalne rozwiązanie
 \	5	15	15	10	
15	0	15	0	0	
25	0	0	15	10	
5	5	0	0	0	
Funkcja oceny: 335
 indexu = 0
Osobnik nr 15
 \	1.	2.	3.	4.	5.	6.	7.	8.	9.	10.	11.	12.	
1.	6	0	10	3	9	8	5	1	11	7	4	2		66+
2.	1	0	3	8	9	6	4	5	2	10	7	11		66+
3.	1	0	3	8	9	6	4	5	2	10	7	11		66+
4.	2	7	9	0	1	4	11	5	10	8	6	3		66+
5.	8	10	6	1	2	7	3	0	11	5	9	4		66+
6.	2	7	9	0	1	4	11	5	10	8	6	3		66+
7.	9	5	8	3	0	10	7	2	1	4	11	6		66+
8.	6	0	10	3	9	8	5	1	11	7	4	2		66+
9.	6	0	10	3	9	8	5	1	11	7	4	2		66+
10.	8	10	6	1	2	7	3	0	11	5	9	4		66+
														=660
	49+	39+	74+	30+	51+	68+	58+	25+	80+	71+	67+	48	=660

Tablica kosztów
 \	5	15	15	10	
15	10	0	20	11	
25	12	7	9	20	
5	0	14	16	18	

Tablica przewozów
Optymalne rozwiązanie
 \	5	15	15	10	
15	0	15	0	0	
25	0	0	15	10	
5	5	0	0	0	
Funkcja oceny: 335
 indexu = 2
Osobnik nr 16
 \	1.	2.	3.	4.	5.	6.	7.	8.	9.	10.	11.	12.	
1.	6	0	10	3	9	8	5	1	11	7	4	2		66+
2.	9	5	8	3	0	10	7	2	1	4	11	6		66+
3.	2	7	9	0	1	4	11	5	10	8	6	3		66+
4.	6	0	10	3	9	8	5	1	11	7	4	2		66+
5.	1	0	3	8	9	6	4	5	2	10	7	11		66+
6.	6	0	10	3	9	8	5	1	11	7	4	2		66+
7.	2	7	9	0	1	4	11	5	10	8	6	3		66+
8.	1	0	3	8	9	6	4	5	2	10	7	11		66+
9.	8	10	6	1	2	7	3	0	11	5	9	4		66+
10.	8	10	6	1	2	7	3	0	11	5	9	4		66+
														=660
	49+	39+	74+	30+	51+	68+	58+	25+	80+	71+	67+	48	=660

Tablica kosztów
 \	5	15	15	10	
15	10	0	20	11	
25	12	7	9	20	
5	0	14	16	18	

Tablica przewozów
Optymalne rozwiązanie
 \	5	15	15	10	
15	0	15	0	0	
25	0	0	15	10	
5	5	0	0	0	
Funkcja oceny: 335
 indexu = 7
Osobnik nr 17
 \	1.	2.	3.	4.	5.	6.	7.	8.	9.	10.	11.	12.	
1.	9	5	8	3	0	10	7	2	1	4	11	6		66+
2.	8	10	6	1	2	7	3	0	11	5	9	4		66+
3.	2	7	9	0	1	4	11	5	10	8	6	3		66+
4.	1	0	3	8	9	6	4	5	2	10	7	11		66+
5.	1	0	3	8	9	6	4	5	2	10	7	11		66+
6.	6	0	10	3	9	8	5	1	11	7	4	2		66+
7.	6	0	10	3	9	8	5	1	11	7	4	2		66+
8.	8	10	6	1	2	7	3	0	11	5	9	4		66+
9.	2	7	9	0	1	4	11	5	10	8	6	3		66+
10.	6	0	10	3	9	8	5	1	11	7	4	2		66+
														=660
	49+	39+	74+	30+	51+	68+	58+	25+	80+	71+	67+	48	=660

Tablica kosztów
 \	5	15	15	10	
15	10	0	20	11	
25	12	7	9	20	
5	0	14	16	18	

Tablica przewozów
Optymalne rozwiązanie
 \	5	15	15	10	
15	0	15	0	0	
25	0	0	15	10	
5	5	0	0	0	
Funkcja oceny: 335
 indexu = 7
Osobnik nr 18
 \	1.	2.	3.	4.	5.	6.	7.	8.	9.	10.	11.	12.	
1.	6	0	10	3	9	8	5	1	11	7	4	2		66+
2.	9	5	8	3	0	10	7	2	1	4	11	6		66+
3.	8	10	6	1	2	7	3	0	11	5	9	4		66+
4.	2	7	9	0	1	4	11	5	10	8	6	3		66+
5.	8	10	6	1	2	7	3	0	11	5	9	4		66+
6.	6	0	10	3	9	8	5	1	11	7	4	2		66+
7.	1	0	3	8	9	6	4	5	2	10	7	11		66+
8.	6	0	10	3	9	8	5	1	11	7	4	2		66+
9.	1	0	3	8	9	6	4	5	2	10	7	11		66+
10.	2	7	9	0	1	4	11	5	10	8	6	3		66+
														=660
	49+	39+	74+	30+	51+	68+	58+	25+	80+	71+	67+	48	=660

Tablica kosztów
 \	5	15	15	10	
15	10	0	20	11	
25	12	7	9	20	
5	0	14	16	18	

Tablica przewozów
Optymalne rozwiązanie
 \	5	15	15	10	
15	0	15	0	0	
25	0	0	15	10	
5	5	0	0	0	
Funkcja oceny: 335
 indexu = 8
Osobnik nr 19
 \	1.	2.	3.	4.	5.	6.	7.	8.	9.	10.	11.	12.	
1.	1	0	3	8	9	6	4	5	2	10	7	11		66+
2.	6	0	10	3	9	8	5	1	11	7	4	2		66+
3.	2	7	9	0	1	4	11	5	10	8	6	3		66+
4.	9	5	8	3	0	10	7	2	1	4	11	6		66+
5.	6	0	10	3	9	8	5	1	11	7	4	2		66+
6.	2	7	9	0	1	4	11	5	10	8	6	3		66+
7.	6	0	10	3	9	8	5	1	11	7	4	2		66+
8.	8	10	6	1	2	7	3	0	11	5	9	4		66+
9.	8	10	6	1	2	7	3	0	11	5	9	4		66+
10.	1	0	3	8	9	6	4	5	2	10	7	11		66+
														=660
	49+	39+	74+	30+	51+	68+	58+	25+	80+	71+	67+	48	=660

Tablica kosztów
 \	5	15	15	10	
15	10	0	20	11	
25	12	7	9	20	
5	0	14	16	18	

Tablica przewozów
Optymalne rozwiązanie
 \	5	15	15	10	
15	0	15	0	0	
25	0	0	15	10	
5	5	0	0	0	
Funkcja oceny: 335
 indexu = 7
Osobnik nr 20
 \	1.	2.	3.	4.	5.	6.	7.	8.	9.	10.	11.	12.	
1.	8	10	6	1	2	7	3	0	11	5	9	4		66+
2.	6	0	10	3	9	8	5	1	11	7	4	2		66+
3.	8	10	6	1	2	7	3	0	11	5	9	4		66+
4.	1	0	3	8	9	6	4	5	2	10	7	11		66+
5.	6	0	10	3	9	8	5	1	11	7	4	2		66+
6.	9	5	8	3	0	10	7	2	1	4	11	6		66+
7.	2	7	9	0	1	4	11	5	10	8	6	3		66+
8.	6	0	10	3	9	8	5	1	11	7	4	2		66+
9.	2	7	9	0	1	4	11	5	10	8	6	3		66+
10.	1	0	3	8	9	6	4	5	2	10	7	11		66+
														=660
	49+	39+	74+	30+	51+	68+	58+	25+	80+	71+	67+	48	=660

Tablica kosztów
 \	5	15	15	10	
15	10	0	20	11	
25	12	7	9	20	
5	0	14	16	18	

Tablica przewozów
Optymalne rozwiązanie
 \	5	15	15	10	
15	0	15	0	0	
25	0	0	15	10	
5	5	0	0	0	
Funkcja oceny: 335
 indexu = 0
Osobnik nr 21
 \	1.	2.	3.	4.	5.	6.	7.	8.	9.	10.	11.	12.	
1.	6	0	10	3	9	8	5	1	11	7	4	2		66+
2.	1	0	3	8	9	6	4	5	2	10	7	11		66+
3.	9	5	8	3	0	10	7	2	1	4	11	6		66+
4.	8	10	6	1	2	7	3	0	11	5	9	4		66+
5.	2	7	9	0	1	4	11	5	10	8	6	3		66+
6.	8	10	6	1	2	7	3	0	11	5	9	4		66+
7.	6	0	10	3	9	8	5	1	11	7	4	2		66+
8.	6	0	10	3	9	8	5	1	11	7	4	2		66+
9.	2	7	9	0	1	4	11	5	10	8	6	3		66+
10.	1	0	3	8	9	6	4	5	2	10	7	11		66+
														=660
	49+	39+	74+	30+	51+	68+	58+	25+	80+	71+	67+	48	=660

Tablica kosztów
 \	5	15	15	10	
15	10	0	20	11	
25	12	7	9	20	
5	0	14	16	18	

Tablica przewozów
Optymalne rozwiązanie
 \	5	15	15	10	
15	0	15	0	0	
25	0	0	15	10	
5	5	0	0	0	
Funkcja oceny: 335
 indexu = 3
Osobnik nr 22
 \	1.	2.	3.	4.	5.	6.	7.	8.	9.	10.	11.	12.	
1.	2	7	9	0	1	4	11	5	10	8	6	3		66+
2.	8	10	6	1	2	7	3	0	11	5	9	4		66+
3.	1	0	3	8	9	6	4	5	2	10	7	11		66+
4.	2	7	9	0	1	4	11	5	10	8	6	3		66+
5.	9	5	8	3	0	10	7	2	1	4	11	6		66+
6.	6	0	10	3	9	8	5	1	11	7	4	2		66+
7.	6	0	10	3	9	8	5	1	11	7	4	2		66+
8.	6	0	10	3	9	8	5	1	11	7	4	2		66+
9.	8	10	6	1	2	7	3	0	11	5	9	4		66+
10.	1	0	3	8	9	6	4	5	2	10	7	11		66+
														=660
	49+	39+	74+	30+	51+	68+	58+	25+	80+	71+	67+	48	=660

Tablica kosztów
 \	5	15	15	10	
15	10	0	20	11	
25	12	7	9	20	
5	0	14	16	18	

Tablica przewozów
Optymalne rozwiązanie
 \	5	15	15	10	
15	0	15	0	0	
25	0	0	15	10	
5	5	0	0	0	
Funkcja oceny: 335
 indexu = 2
Osobnik nr 23
 \	1.	2.	3.	4.	5.	6.	7.	8.	9.	10.	11.	12.	
1.	8	10	6	1	2	7	3	0	11	5	9	4		66+
2.	9	5	8	3	0	10	7	2	1	4	11	6		66+
3.	2	7	9	0	1	4	11	5	10	8	6	3		66+
4.	1	0	3	8	9	6	4	5	2	10	7	11		66+
5.	8	10	6	1	2	7	3	0	11	5	9	4		66+
6.	1	0	3	8	9	6	4	5	2	10	7	11		66+
7.	6	0	10	3	9	8	5	1	11	7	4	2		66+
8.	2	7	9	0	1	4	11	5	10	8	6	3		66+
9.	6	0	10	3	9	8	5	1	11	7	4	2		66+
10.	6	0	10	3	9	8	5	1	11	7	4	2		66+
														=660
	49+	39+	74+	30+	51+	68+	58+	25+	80+	71+	67+	48	=660

Tablica kosztów
 \	5	15	15	10	
15	10	0	20	11	
25	12	7	9	20	
5	0	14	16	18	

Tablica przewozów
Optymalne rozwiązanie
 \	5	15	15	10	
15	0	15	0	0	
25	0	0	15	10	
5	5	0	0	0	
Funkcja oceny: 335
 indexu = 5
Osobnik nr 24
 \	1.	2.	3.	4.	5.	6.	7.	8.	9.	10.	11.	12.	
1.	6	0	10	3	9	8	5	1	11	7	4	2		66+
2.	8	10	6	1	2	7	3	0	11	5	9	4		66+
3.	6	0	10	3	9	8	5	1	11	7	4	2		66+
4.	8	10	6	1	2	7	3	0	11	5	9	4		66+
5.	1	0	3	8	9	6	4	5	2	10	7	11		66+
6.	6	0	10	3	9	8	5	1	11	7	4	2		66+
7.	2	7	9	0	1	4	11	5	10	8	6	3		66+
8.	9	5	8	3	0	10	7	2	1	4	11	6		66+
9.	2	7	9	0	1	4	11	5	10	8	6	3		66+
10.	1	0	3	8	9	6	4	5	2	10	7	11		66+
														=660
	49+	39+	74+	30+	51+	68+	58+	25+	80+	71+	67+	48	=660

Tablica kosztów
 \	5	15	15	10	
15	10	0	20	11	
25	12	7	9	20	
5	0	14	16	18	

Tablica przewozów
Optymalne rozwiązanie
 \	5	15	15	10	
15	0	15	0	0	
25	0	0	15	10	
5	5	0	0	0	
Funkcja oceny: 335
 indexu = 9
Osobnik nr 25
 \	1.	2.	3.	4.	5.	6.	7.	8.	9.	10.	11.	12.	
1.	2	7	9	0	1	4	11	5	10	8	6	3		66+
2.	1	0	3	8	9	6	4	5	2	10	7	11		66+
3.	6	0	10	3	9	8	5	1	11	7	4	2		66+
4.	2	7	9	0	1	4	11	5	10	8	6	3		66+
5.	6	0	10	3	9	8	5	1	11	7	4	2		66+
6.	8	10	6	1	2	7	3	0	11	5	9	4		66+
7.	6	0	10	3	9	8	5	1	11	7	4	2		66+
8.	1	0	3	8	9	6	4	5	2	10	7	11		66+
9.	9	5	8	3	0	10	7	2	1	4	11	6		66+
10.	8	10	6	1	2	7	3	0	11	5	9	4		66+
														=660
	49+	39+	74+	30+	51+	68+	58+	25+	80+	71+	67+	48	=660

Tablica kosztów
 \	5	15	15	10	
15	10	0	20	11	
25	12	7	9	20	
5	0	14	16	18	

Tablica przewozów
Optymalne rozwiązanie
 \	5	15	15	10	
15	0	15	0	0	
25	0	0	15	10	
5	5	0	0	0	
Funkcja oceny: 335
 indexu = 7
Osobnik nr 26
 \	1.	2.	3.	4.	5.	6.	7.	8.	9.	10.	11.	12.	
1.	6	0	10	3	9	8	5	1	11	7	4	2		66+
2.	1	0	3	8	9	6	4	5	2	10	7	11		66+
3.	6	0	10	3	9	8	5	1	11	7	4	2		66+
4.	8	10	6	1	2	7	3	0	11	5	9	4		66+
5.	2	7	9	0	1	4	11	5	10	8	6	3		66+
6.	2	7	9	0	1	4	11	5	10	8	6	3		66+
7.	6	0	10	3	9	8	5	1	11	7	4	2		66+
8.	9	5	8	3	0	10	7	2	1	4	11	6		66+
9.	8	10	6	1	2	7	3	0	11	5	9	4		66+
10.	1	0	3	8	9	6	4	5	2	10	7	11		66+
														=660
	49+	39+	74+	30+	51+	68+	58+	25+	80+	71+	67+	48	=660

Tablica kosztów
 \	5	15	15	10	
15	10	0	20	11	
25	12	7	9	20	
5	0	14	16	18	

Tablica przewozów
Optymalne rozwiązanie
 \	5	15	15	10	
15	0	15	0	0	
25	0	0	15	10	
5	5	0	0	0	
Funkcja oceny: 335
 indexu = 9
Osobnik nr 27
 \	1.	2.	3.	4.	5.	6.	7.	8.	9.	10.	11.	12.	
1.	6	0	10	3	9	8	5	1	11	7	4	2		66+
2.	2	7	9	0	1	4	11	5	10	8	6	3		66+
3.	8	10	6	1	2	7	3	0	11	5	9	4		66+
4.	6	0	10	3	9	8	5	1	11	7	4	2		66+
5.	8	10	6	1	2	7	3	0	11	5	9	4		66+
6.	1	0	3	8	9	6	4	5	2	10	7	11		66+
7.	9	5	8	3	0	10	7	2	1	4	11	6		66+
8.	1	0	3	8	9	6	4	5	2	10	7	11		66+
9.	6	0	10	3	9	8	5	1	11	7	4	2		66+
10.	2	7	9	0	1	4	11	5	10	8	6	3		66+
														=660
	49+	39+	74+	30+	51+	68+	58+	25+	80+	71+	67+	48	=660

Tablica kosztów
 \	5	15	15	10	
15	10	0	20	11	
25	12	7	9	20	
5	0	14	16	18	

Tablica przewozów
Optymalne rozwiązanie
 \	5	15	15	10	
15	0	15	0	0	
25	0	0	15	10	
5	5	0	0	0	
Funkcja oceny: 335
 indexu = 2
Osobnik nr 28
 \	1.	2.	3.	4.	5.	6.	7.	8.	9.	10.	11.	12.	
1.	6	0	10	3	9	8	5	1	11	7	4	2		66+
2.	6	0	10	3	9	8	5	1	11	7	4	2		66+
3.	8	10	6	1	2	7	3	0	11	5	9	4		66+
4.	6	0	10	3	9	8	5	1	11	7	4	2		66+
5.	8	10	6	1	2	7	3	0	11	5	9	4		66+
6.	9	5	8	3	0	10	7	2	1	4	11	6		66+
7.	1	0	3	8	9	6	4	5	2	10	7	11		66+
8.	2	7	9	0	1	4	11	5	10	8	6	3		66+
9.	2	7	9	0	1	4	11	5	10	8	6	3		66+
10.	1	0	3	8	9	6	4	5	2	10	7	11		66+
														=660
	49+	39+	74+	30+	51+	68+	58+	25+	80+	71+	67+	48	=660

Tablica kosztów
 \	5	15	15	10	
15	10	0	20	11	
25	12	7	9	20	
5	0	14	16	18	

Tablica przewozów
Optymalne rozwiązanie
 \	5	15	15	10	
15	0	15	0	0	
25	0	0	15	10	
5	5	0	0	0	
Funkcja oceny: 335
 indexu = 6
Osobnik nr 29
 \	1.	2.	3.	4.	5.	6.	7.	8.	9.	10.	11.	12.	
1.	6	0	10	3	9	8	5	1	11	7	4	2		66+
2.	2	7	9	0	1	4	11	5	10	8	6	3		66+
3.	9	5	8	3	0	10	7	2	1	4	11	6		66+
4.	2	7	9	0	1	4	11	5	10	8	6	3		66+
5.	1	0	3	8	9	6	4	5	2	10	7	11		66+
6.	6	0	10	3	9	8	5	1	11	7	4	2		66+
7.	8	10	6	1	2	7	3	0	11	5	9	4		66+
8.	1	0	3	8	9	6	4	5	2	10	7	11		66+
9.	8	10	6	1	2	7	3	0	11	5	9	4		66+
10.	6	0	10	3	9	8	5	1	11	7	4	2		66+
														=660
	49+	39+	74+	30+	51+	68+	58+	25+	80+	71+	67+	48	=660

Tablica kosztów
 \	5	15	15	10	
15	10	0	20	11	
25	12	7	9	20	
5	0	14	16	18	

Tablica przewozów
Optymalne rozwiązanie
 \	5	15	15	10	
15	0	15	0	0	
25	0	0	15	10	
5	5	0	0	0	
Funkcja oceny: 335
 indexu = 6
Osobnik nr 30
 \	1.	2.	3.	4.	5.	6.	7.	8.	9.	10.	11.	12.	
1.	9	5	8	3	0	10	7	2	1	4	11	6		66+
2.	6	0	10	3	9	8	5	1	11	7	4	2		66+
3.	6	0	10	3	9	8	5	1	11	7	4	2		66+
4.	2	7	9	0	1	4	11	5	10	8	6	3		66+
5.	6	0	10	3	9	8	5	1	11	7	4	2		66+
6.	1	0	3	8	9	6	4	5	2	10	7	11		66+
7.	1	0	3	8	9	6	4	5	2	10	7	11		66+
8.	8	10	6	1	2	7	3	0	11	5	9	4		66+
9.	8	10	6	1	2	7	3	0	11	5	9	4		66+
10.	2	7	9	0	1	4	11	5	10	8	6	3		66+
														=660
	49+	39+	74+	30+	51+	68+	58+	25+	80+	71+	67+	48	=660

Tablica kosztów
 \	5	15	15	10	
15	10	0	20	11	
25	12	7	9	20	
5	0	14	16	18	

Tablica przewozów
Optymalne rozwiązanie
 \	5	15	15	10	
15	0	15	0	0	
25	0	0	15	10	
5	5	0	0	0	
Funkcja oceny: 335
 indexu = 8
Osobnik nr 31
 \	1.	2.	3.	4.	5.	6.	7.	8.	9.	10.	11.	12.	
1.	2	7	9	0	1	4	11	5	10	8	6	3		66+
2.	6	0	10	3	9	8	5	1	11	7	4	2		66+
3.	2	7	9	0	1	4	11	5	10	8	6	3		66+
4.	6	0	10	3	9	8	5	1	11	7	4	2		66+
5.	6	0	10	3	9	8	5	1	11	7	4	2		66+
6.	1	0	3	8	9	6	4	5	2	10	7	11		66+
7.	8	10	6	1	2	7	3	0	11	5	9	4		66+
8.	9	5	8	3	0	10	7	2	1	4	11	6		66+
9.	8	10	6	1	2	7	3	0	11	5	9	4		66+
10.	1	0	3	8	9	6	4	5	2	10	7	11		66+
														=660
	49+	39+	74+	30+	51+	68+	58+	25+	80+	71+	67+	48	=660

Tablica kosztów
 \	5	15	15	10	
15	10	0	20	11	
25	12	7	9	20	
5	0	14	16	18	

Tablica przewozów
Optymalne rozwiązanie
 \	5	15	15	10	
15	0	15	0	0	
25	0	0	15	10	
5	5	0	0	0	
Funkcja oceny: 335
 indexu = 9
Osobnik nr 32
 \	1.	2.	3.	4.	5.	6.	7.	8.	9.	10.	11.	12.	
1.	2	7	9	0	1	4	11	5	10	8	6	3		66+
2.	1	0	3	8	9	6	4	5	2	10	7	11		66+
3.	9	5	8	3	0	10	7	2	1	4	11	6		66+
4.	1	0	3	8	9	6	4	5	2	10	7	11		66+
5.	8	10	6	1	2	7	3	0	11	5	9	4		66+
6.	2	7	9	0	1	4	11	5	10	8	6	3		66+
7.	6	0	10	3	9	8	5	1	11	7	4	2		66+
8.	6	0	10	3	9	8	5	1	11	7	4	2		66+
9.	6	0	10	3	9	8	5	1	11	7	4	2		66+
10.	8	10	6	1	2	7	3	0	11	5	9	4		66+
														=660
	49+	39+	74+	30+	51+	68+	58+	25+	80+	71+	67+	48	=660

Tablica kosztów
 \	5	15	15	10	
15	10	0	20	11	
25	12	7	9	20	
5	0	14	16	18	

Tablica przewozów
Optymalne rozwiązanie
 \	5	15	15	10	
15	0	15	0	0	
25	0	0	15	10	
5	5	0	0	0	
Funkcja oceny: 335
 indexu = 9
Osobnik nr 33
 \	1.	2.	3.	4.	5.	6.	7.	8.	9.	10.	11.	12.	
1.	9	5	8	3	0	10	7	2	1	4	11	6		66+
2.	8	10	6	1	2	7	3	0	11	5	9	4		66+
3.	1	0	3	8	9	6	4	5	2	10	7	11		66+
4.	2	7	9	0	1	4	11	5	10	8	6	3		66+
5.	8	10	6	1	2	7	3	0	11	5	9	4		66+
6.	6	0	10	3	9	8	5	1	11	7	4	2		66+
7.	6	0	10	3	9	8	5	1	11	7	4	2		66+
8.	6	0	10	3	9	8	5	1	11	7	4	2		66+
9.	2	7	9	0	1	4	11	5	10	8	6	3		66+
10.	1	0	3	8	9	6	4	5	2	10	7	11		66+
														=660
	49+	39+	74+	30+	51+	68+	58+	25+	80+	71+	67+	48	=660

Tablica kosztów
 \	5	15	15	10	
15	10	0	20	11	
25	12	7	9	20	
5	0	14	16	18	

Tablica przewozów
Optymalne rozwiązanie
 \	5	15	15	10	
15	0	15	0	0	
25	0	0	15	10	
5	5	0	0	0	
Funkcja oceny: 335
 indexu = 1
Osobnik nr 34
 \	1.	2.	3.	4.	5.	6.	7.	8.	9.	10.	11.	12.	
1.	8	10	6	1	2	7	3	0	11	5	9	4		66+
2.	1	0	3	8	9	6	4	5	2	10	7	11		66+
3.	6	0	10	3	9	8	5	1	11	7	4	2		66+
4.	2	7	9	0	1	4	11	5	10	8	6	3		66+
5.	2	7	9	0	1	4	11	5	10	8	6	3		66+
6.	6	0	10	3	9	8	5	1	11	7	4	2		66+
7.	9	5	8	3	0	10	7	2	1	4	11	6		66+
8.	6	0	10	3	9	8	5	1	11	7	4	2		66+
9.	8	10	6	1	2	7	3	0	11	5	9	4		66+
10.	1	0	3	8	9	6	4	5	2	10	7	11		66+
														=660
	49+	39+	74+	30+	51+	68+	58+	25+	80+	71+	67+	48	=660

Tablica kosztów
 \	5	15	15	10	
15	10	0	20	11	
25	12	7	9	20	
5	0	14	16	18	

Tablica przewozów
Optymalne rozwiązanie
 \	5	15	15	10	
15	0	15	0	0	
25	0	0	15	10	
5	5	0	0	0	
Funkcja oceny: 335
 indexu = 1
Osobnik nr 35
 \	1.	2.	3.	4.	5.	6.	7.	8.	9.	10.	11.	12.	
1.	2	7	9	0	1	4	11	5	10	8	6	3		66+
2.	8	10	6	1	2	7	3	0	11	5	9	4		66+
3.	8	10	6	1	2	7	3	0	11	5	9	4		66+
4.	6	0	10	3	9	8	5	1	11	7	4	2		66+
5.	6	0	10	3	9	8	5	1	11	7	4	2		66+
6.	1	0	3	8	9	6	4	5	2	10	7	11		66+
7.	2	7	9	0	1	4	11	5	10	8	6	3		66+
8.	9	5	8	3	0	10	7	2	1	4	11	6		66+
9.	6	0	10	3	9	8	5	1	11	7	4	2		66+
10.	1	0	3	8	9	6	4	5	2	10	7	11		66+
														=660
	49+	39+	74+	30+	51+	68+	58+	25+	80+	71+	67+	48	=660

Tablica kosztów
 \	5	15	15	10	
15	10	0	20	11	
25	12	7	9	20	
5	0	14	16	18	

Tablica przewozów
Optymalne rozwiązanie
 \	5	15	15	10	
15	0	15	0	0	
25	0	0	15	10	
5	5	0	0	0	
Funkcja oceny: 335
 indexu = 1
Osobnik nr 36
 \	1.	2.	3.	4.	5.	6.	7.	8.	9.	10.	11.	12.	
1.	1	0	3	8	9	6	4	5	2	10	7	11		66+
2.	2	7	9	0	1	4	11	5	10	8	6	3		66+
3.	8	10	6	1	2	7	3	0	11	5	9	4		66+
4.	8	10	6	1	2	7	3	0	11	5	9	4		66+
5.	6	0	10	3	9	8	5	1	11	7	4	2		66+
6.	6	0	10	3	9	8	5	1	11	7	4	2		66+
7.	2	7	9	0	1	4	11	5	10	8	6	3		66+
8.	1	0	3	8	9	6	4	5	2	10	7	11		66+
9.	6	0	10	3	9	8	5	1	11	7	4	2		66+
10.	9	5	8	3	0	10	7	2	1	4	11	6		66+
														=660
	49+	39+	74+	30+	51+	68+	58+	25+	80+	71+	67+	48	=660

Tablica kosztów
 \	5	15	15	10	
15	10	0	20	11	
25	12	7	9	20	
5	0	14	16	18	

Tablica przewozów
Optymalne rozwiązanie
 \	5	15	15	10	
15	0	15	0	0	
25	0	0	15	10	
5	5	0	0	0	
Funkcja oceny: 335
 indexu = 0
Osobnik nr 37
 \	1.	2.	3.	4.	5.	6.	7.	8.	9.	10.	11.	12.	
1.	1	0	3	8	9	6	4	5	2	10	7	11		66+
2.	2	7	9	0	1	4	11	5	10	8	6	3		66+
3.	6	0	10	3	9	8	5	1	11	7	4	2		66+
4.	9	5	8	3	0	10	7	2	1	4	11	6		66+
5.	8	10	6	1	2	7	3	0	11	5	9	4		66+
6.	6	0	10	3	9	8	5	1	11	7	4	2		66+
7.	6	0	10	3	9	8	5	1	11	7	4	2		66+
8.	1	0	3	8	9	6	4	5	2	10	7	11		66+
9.	2	7	9	0	1	4	11	5	10	8	6	3		66+
10.	8	10	6	1	2	7	3	0	11	5	9	4		66+
														=660
	49+	39+	74+	30+	51+	68+	58+	25+	80+	71+	67+	48	=660

Tablica kosztów
 \	5	15	15	10	
15	10	0	20	11	
25	12	7	9	20	
5	0	14	16	18	

Tablica przewozów
Optymalne rozwiązanie
 \	5	15	15	10	
15	0	15	0	0	
25	0	0	15	10	
5	5	0	0	0	
Funkcja oceny: 335
 indexu = 9
Osobnik nr 38
 \	1.	2.	3.	4.	5.	6.	7.	8.	9.	10.	11.	12.	
1.	1	0	3	8	9	6	4	5	2	10	7	11		66+
2.	6	0	10	3	9	8	5	1	11	7	4	2		66+
3.	9	5	8	3	0	10	7	2	1	4	11	6		66+
4.	2	7	9	0	1	4	11	5	10	8	6	3		66+
5.	8	10	6	1	2	7	3	0	11	5	9	4		66+
6.	6	0	10	3	9	8	5	1	11	7	4	2		66+
7.	2	7	9	0	1	4	11	5	10	8	6	3		66+
8.	6	0	10	3	9	8	5	1	11	7	4	2		66+
9.	1	0	3	8	9	6	4	5	2	10	7	11		66+
10.	8	10	6	1	2	7	3	0	11	5	9	4		66+
														=660
	49+	39+	74+	30+	51+	68+	58+	25+	80+	71+	67+	48	=660

Tablica kosztów
 \	5	15	15	10	
15	10	0	20	11	
25	12	7	9	20	
5	0	14	16	18	

Tablica przewozów
Optymalne rozwiązanie
 \	5	15	15	10	
15	0	15	0	0	
25	0	0	15	10	
5	5	0	0	0	
Funkcja oceny: 335
 indexu = 9
Osobnik nr 39
 \	1.	2.	3.	4.	5.	6.	7.	8.	9.	10.	11.	12.	
1.	2	7	9	0	1	4	11	5	10	8	6	3		66+
2.	6	0	10	3	9	8	5	1	11	7	4	2		66+
3.	2	7	9	0	1	4	11	5	10	8	6	3		66+
4.	6	0	10	3	9	8	5	1	11	7	4	2		66+
5.	1	0	3	8	9	6	4	5	2	10	7	11		66+
6.	1	0	3	8	9	6	4	5	2	10	7	11		66+
7.	6	0	10	3	9	8	5	1	11	7	4	2		66+
8.	9	5	8	3	0	10	7	2	1	4	11	6		66+
9.	8	10	6	1	2	7	3	0	11	5	9	4		66+
10.	8	10	6	1	2	7	3	0	11	5	9	4		66+
														=660
	49+	39+	74+	30+	51+	68+	58+	25+	80+	71+	67+	48	=660

Tablica kosztów
 \	5	15	15	10	
15	10	0	20	11	
25	12	7	9	20	
5	0	14	16	18	

Tablica przewozów
Optymalne rozwiązanie
 \	5	15	15	10	
15	0	15	0	0	
25	0	0	15	10	
5	5	0	0	0	
Funkcja oceny: 335
 indexu = 4
Osobnik nr 40
 \	1.	2.	3.	4.	5.	6.	7.	8.	9.	10.	11.	12.	
1.	9	5	8	3	0	10	7	2	1	4	11	6		66+
2.	8	10	6	1	2	7	3	0	11	5	9	4		66+
3.	6	0	10	3	9	8	5	1	11	7	4	2		66+
4.	6	0	10	3	9	8	5	1	11	7	4	2		66+
5.	6	0	10	3	9	8	5	1	11	7	4	2		66+
6.	2	7	9	0	1	4	11	5	10	8	6	3		66+
7.	1	0	3	8	9	6	4	5	2	10	7	11		66+
8.	2	7	9	0	1	4	11	5	10	8	6	3		66+
9.	8	10	6	1	2	7	3	0	11	5	9	4		66+
10.	1	0	3	8	9	6	4	5	2	10	7	11		66+
														=660
	49+	39+	74+	30+	51+	68+	58+	25+	80+	71+	67+	48	=660

Tablica kosztów
 \	5	15	15	10	
15	10	0	20	11	
25	12	7	9	20	
5	0	14	16	18	

Tablica przewozów
Optymalne rozwiązanie
 \	5	15	15	10	
15	0	15	0	0	
25	0	0	15	10	
5	5	0	0	0	
Funkcja oceny: 335
 indexu = 6
Osobnik nr 41
 \	1.	2.	3.	4.	5.	6.	7.	8.	9.	10.	11.	12.	
1.	8	10	6	1	2	7	3	0	11	5	9	4		66+
2.	6	0	10	3	9	8	5	1	11	7	4	2		66+
3.	9	5	8	3	0	10	7	2	1	4	11	6		66+
4.	1	0	3	8	9	6	4	5	2	10	7	11		66+
5.	2	7	9	0	1	4	11	5	10	8	6	3		66+
6.	6	0	10	3	9	8	5	1	11	7	4	2		66+
7.	6	0	10	3	9	8	5	1	11	7	4	2		66+
8.	2	7	9	0	1	4	11	5	10	8	6	3		66+
9.	1	0	3	8	9	6	4	5	2	10	7	11		66+
10.	8	10	6	1	2	7	3	0	11	5	9	4		66+
														=660
	49+	39+	74+	30+	51+	68+	58+	25+	80+	71+	67+	48	=660

Tablica kosztów
 \	5	15	15	10	
15	10	0	20	11	
25	12	7	9	20	
5	0	14	16	18	

Tablica przewozów
Optymalne rozwiązanie
 \	5	15	15	10	
15	0	15	0	0	
25	0	0	15	10	
5	5	0	0	0	
Funkcja oceny: 335
 indexu = 8
Osobnik nr 42
 \	1.	2.	3.	4.	5.	6.	7.	8.	9.	10.	11.	12.	
1.	6	0	10	3	9	8	5	1	11	7	4	2		66+
2.	2	7	9	0	1	4	11	5	10	8	6	3		66+
3.	6	0	10	3	9	8	5	1	11	7	4	2		66+
4.	2	7	9	0	1	4	11	5	10	8	6	3		66+
5.	6	0	10	3	9	8	5	1	11	7	4	2		66+
6.	8	10	6	1	2	7	3	0	11	5	9	4		66+
7.	9	5	8	3	0	10	7	2	1	4	11	6		66+
8.	1	0	3	8	9	6	4	5	2	10	7	11		66+
9.	8	10	6	1	2	7	3	0	11	5	9	4		66+
10.	1	0	3	8	9	6	4	5	2	10	7	11		66+
														=660
	49+	39+	74+	30+	51+	68+	58+	25+	80+	71+	67+	48	=660

Tablica kosztów
 \	5	15	15	10	
15	10	0	20	11	
25	12	7	9	20	
5	0	14	16	18	

Tablica przewozów
Optymalne rozwiązanie
 \	5	15	15	10	
15	0	15	0	0	
25	0	0	15	10	
5	5	0	0	0	
Funkcja oceny: 335
 indexu = 7
Osobnik nr 43
 \	1.	2.	3.	4.	5.	6.	7.	8.	9.	10.	11.	12.	
1.	1	0	3	8	9	6	4	5	2	10	7	11		66+
2.	2	7	9	0	1	4	11	5	10	8	6	3		66+
3.	2	7	9	0	1	4	11	5	10	8	6	3		66+
4.	6	0	10	3	9	8	5	1	11	7	4	2		66+
5.	9	5	8	3	0	10	7	2	1	4	11	6		66+
6.	1	0	3	8	9	6	4	5	2	10	7	11		66+
7.	8	10	6	1	2	7	3	0	11	5	9	4		66+
8.	8	10	6	1	2	7	3	0	11	5	9	4		66+
9.	6	0	10	3	9	8	5	1	11	7	4	2		66+
10.	6	0	10	3	9	8	5	1	11	7	4	2		66+
														=660
	49+	39+	74+	30+	51+	68+	58+	25+	80+	71+	67+	48	=660

Tablica kosztów
 \	5	15	15	10	
15	10	0	20	11	
25	12	7	9	20	
5	0	14	16	18	

Tablica przewozów
Optymalne rozwiązanie
 \	5	15	15	10	
15	0	15	0	0	
25	0	0	15	10	
5	5	0	0	0	
Funkcja oceny: 335
 indexu = 0
Osobnik nr 44
 \	1.	2.	3.	4.	5.	6.	7.	8.	9.	10.	11.	12.	
1.	6	0	10	3	9	8	5	1	11	7	4	2		66+
2.	6	0	10	3	9	8	5	1	11	7	4	2		66+
3.	1	0	3	8	9	6	4	5	2	10	7	11		66+
4.	8	10	6	1	2	7	3	0	11	5	9	4		66+
5.	1	0	3	8	9	6	4	5	2	10	7	11		66+
6.	2	7	9	0	1	4	11	5	10	8	6	3		66+
7.	8	10	6	1	2	7	3	0	11	5	9	4		66+
8.	9	5	8	3	0	10	7	2	1	4	11	6		66+
9.	2	7	9	0	1	4	11	5	10	8	6	3		66+
10.	6	0	10	3	9	8	5	1	11	7	4	2		66+
														=660
	49+	39+	74+	30+	51+	68+	58+	25+	80+	71+	67+	48	=660

Tablica kosztów
 \	5	15	15	10	
15	10	0	20	11	
25	12	7	9	20	
5	0	14	16	18	

Tablica przewozów
Optymalne rozwiązanie
 \	5	15	15	10	
15	0	15	0	0	
25	0	0	15	10	
5	5	0	0	0	
Funkcja oceny: 335
 indexu = 2
Osobnik nr 45
 \	1.	2.	3.	4.	5.	6.	7.	8.	9.	10.	11.	12.	
1.	9	5	8	3	0	10	7	2	1	4	11	6		66+
2.	8	10	6	1	2	7	3	0	11	5	9	4		66+
3.	8	10	6	1	2	7	3	0	11	5	9	4		66+
4.	6	0	10	3	9	8	5	1	11	7	4	2		66+
5.	2	7	9	0	1	4	11	5	10	8	6	3		66+
6.	6	0	10	3	9	8	5	1	11	7	4	2		66+
7.	1	0	3	8	9	6	4	5	2	10	7	11		66+
8.	6	0	10	3	9	8	5	1	11	7	4	2		66+
9.	1	0	3	8	9	6	4	5	2	10	7	11		66+
10.	2	7	9	0	1	4	11	5	10	8	6	3		66+
														=660
	49+	39+	74+	30+	51+	68+	58+	25+	80+	71+	67+	48	=660

Tablica kosztów
 \	5	15	15	10	
15	10	0	20	11	
25	12	7	9	20	
5	0	14	16	18	

Tablica przewozów
Optymalne rozwiązanie
 \	5	15	15	10	
15	0	15	0	0	
25	0	0	15	10	
5	5	0	0	0	
Funkcja oceny: 335
 indexu = 1
Osobnik nr 46
 \	1.	2.	3.	4.	5.	6.	7.	8.	9.	10.	11.	12.	
1.	1	0	3	8	9	6	4	5	2	10	7	11		66+
2.	2	7	9	0	1	4	11	5	10	8	6	3		66+
3.	6	0	10	3	9	8	5	1	11	7	4	2		66+
4.	6	0	10	3	9	8	5	1	11	7	4	2		66+
5.	6	0	10	3	9	8	5	1	11	7	4	2		66+
6.	8	10	6	1	2	7	3	0	11	5	9	4		66+
7.	8	10	6	1	2	7	3	0	11	5	9	4		66+
8.	2	7	9	0	1	4	11	5	10	8	6	3		66+
9.	1	0	3	8	9	6	4	5	2	10	7	11		66+
10.	9	5	8	3	0	10	7	2	1	4	11	6		66+
														=660
	49+	39+	74+	30+	51+	68+	58+	25+	80+	71+	67+	48	=660

Tablica kosztów
 \	5	15	15	10	
15	10	0	20	11	
25	12	7	9	20	
5	0	14	16	18	

Tablica przewozów
Optymalne rozwiązanie
 \	5	15	15	10	
15	0	15	0	0	
25	0	0	15	10	
5	5	0	0	0	
Funkcja oceny: 335
 indexu = 5
Osobnik nr 47
 \	1.	2.	3.	4.	5.	6.	7.	8.	9.	10.	11.	12.	
1.	1	0	3	8	9	6	4	5	2	10	7	11		66+
2.	9	5	8	3	0	10	7	2	1	4	11	6		66+
3.	2	7	9	0	1	4	11	5	10	8	6	3		66+
4.	1	0	3	8	9	6	4	5	2	10	7	11		66+
5.	8	10	6	1	2	7	3	0	11	5	9	4		66+
6.	8	10	6	1	2	7	3	0	11	5	9	4		66+
7.	6	0	10	3	9	8	5	1	11	7	4	2		66+
8.	6	0	10	3	9	8	5	1	11	7	4	2		66+
9.	2	7	9	0	1	4	11	5	10	8	6	3		66+
10.	6	0	10	3	9	8	5	1	11	7	4	2		66+
														=660
	49+	39+	74+	30+	51+	68+	58+	25+	80+	71+	67+	48	=660

Tablica kosztów
 \	5	15	15	10	
15	10	0	20	11	
25	12	7	9	20	
5	0	14	16	18	

Tablica przewozów
Optymalne rozwiązanie
 \	5	15	15	10	
15	0	15	0	0	
25	0	0	15	10	
5	5	0	0	0	
Funkcja oceny: 335
 indexu = 0
Osobnik nr 48
 \	1.	2.	3.	4.	5.	6.	7.	8.	9.	10.	11.	12.	
1.	1	0	3	8	9	6	4	5	2	10	7	11		66+
2.	8	10	6	1	2	7	3	0	11	5	9	4		66+
3.	2	7	9	0	1	4	11	5	10	8	6	3		66+
4.	6	0	10	3	9	8	5	1	11	7	4	2		66+
5.	6	0	10	3	9	8	5	1	11	7	4	2		66+
6.	8	10	6	1	2	7	3	0	11	5	9	4		66+
7.	2	7	9	0	1	4	11	5	10	8	6	3		66+
8.	9	5	8	3	0	10	7	2	1	4	11	6		66+
9.	6	0	10	3	9	8	5	1	11	7	4	2		66+
10.	1	0	3	8	9	6	4	5	2	10	7	11		66+
														=660
	49+	39+	74+	30+	51+	68+	58+	25+	80+	71+	67+	48	=660

Tablica kosztów
 \	5	15	15	10	
15	10	0	20	11	
25	12	7	9	20	
5	0	14	16	18	

Tablica przewozów
Optymalne rozwiązanie
 \	5	15	15	10	
15	0	15	0	0	
25	0	0	15	10	
5	5	0	0	0	
Funkcja oceny: 335
 indexu = 1
Osobnik nr 49
 \	1.	2.	3.	4.	5.	6.	7.	8.	9.	10.	11.	12.	
1.	1	0	3	8	9	6	4	5	2	10	7	11		66+
2.	6	0	10	3	9	8	5	1	11	7	4	2		66+
3.	6	0	10	3	9	8	5	1	11	7	4	2		66+
4.	2	7	9	0	1	4	11	5	10	8	6	3		66+
5.	8	10	6	1	2	7	3	0	11	5	9	4		66+
6.	1	0	3	8	9	6	4	5	2	10	7	11		66+
7.	9	5	8	3	0	10	7	2	1	4	11	6		66+
8.	2	7	9	0	1	4	11	5	10	8	6	3		66+
9.	6	0	10	3	9	8	5	1	11	7	4	2		66+
10.	8	10	6	1	2	7	3	0	11	5	9	4		66+
														=660
	49+	39+	74+	30+	51+	68+	58+	25+	80+	71+	67+	48	=660

Tablica kosztów
 \	5	15	15	10	
15	10	0	20	11	
25	12	7	9	20	
5	0	14	16	18	

Tablica przewozów
Optymalne rozwiązanie
 \	5	15	15	10	
15	0	15	0	0	
25	0	0	15	10	
5	5	0	0	0	
Funkcja oceny: 335
 indexu = 9
Osobnik nr 50
 \	1.	2.	3.	4.	5.	6.	7.	8.	9.	10.	11.	12.	
1.	9	5	8	3	0	10	7	2	1	4	11	6		66+
2.	6	0	10	3	9	8	5	1	11	7	4	2		66+
3.	2	7	9	0	1	4	11	5	10	8	6	3		66+
4.	1	0	3	8	9	6	4	5	2	10	7	11		66+
5.	1	0	3	8	9	6	4	5	2	10	7	11		66+
6.	6	0	10	3	9	8	5	1	11	7	4	2		66+
7.	6	0	10	3	9	8	5	1	11	7	4	2		66+
8.	2	7	9	0	1	4	11	5	10	8	6	3		66+
9.	8	10	6	1	2	7	3	0	11	5	9	4		66+
10.	8	10	6	1	2	7	3	0	11	5	9	4		66+
														=660
	49+	39+	74+	30+	51+	68+	58+	25+	80+	71+	67+	48	=660

Tablica kosztów
 \	5	15	15	10	
15	10	0	20	11	
25	12	7	9	20	
5	0	14	16	18	

Tablica przewozów
Optymalne rozwiązanie
 \	5	15	15	10	
15	0	15	0	0	
25	0	0	15	10	
5	5	0	0	0	
Funkcja oceny: 335
 indexu = 4
Algorytm genetyczny: 

