Problem transportowy
Osobnik nr 1
 \	1.	2.	3.	4.	5.	6.	7.	8.	9.	10.	11.	12.	
1.	10	8	3	9	5	11	1	2	0	4	6	7		66+
2.	9	8	10	0	5	2	7	4	1	3	11	6		66+
3.	4	5	9	2	7	0	3	10	6	1	8	11		66+
4.	11	10	3	4	1	5	0	2	9	8	6	7		66+
5.	8	6	4	1	5	3	11	7	10	0	9	2		66+
6.	7	10	6	4	2	1	11	5	3	0	8	9		66+
7.	10	8	3	9	5	11	1	2	0	4	6	7		66+
8.	4	5	9	2	7	0	3	10	6	1	8	11		66+
9.	6	9	5	3	4	7	10	8	11	1	2	0		66+
10.	9	8	10	0	5	2	7	4	1	3	11	6		66+
														=660
	78+	77+	62+	34+	46+	42+	54+	54+	47+	25+	75+	66	=660

Tablica kosztów
 \	5	15	15	10	
15	10	0	20	11	
25	12	7	9	20	
5	0	14	16	18	

Tablica przewozów
Optymalne rozwiązanie
 \	5	15	15	10	
15	0	15	0	0	
25	0	0	15	10	
5	5	0	0	0	
Funkcja oceny: 335
 indexu = 4
Osobnik nr 2
 \	1.	2.	3.	4.	5.	6.	7.	8.	9.	10.	11.	12.	
1.	6	9	5	3	4	7	10	8	11	1	2	0		66+
2.	4	5	9	2	7	0	3	10	6	1	8	11		66+
3.	4	5	9	2	7	0	3	10	6	1	8	11		66+
4.	11	10	3	4	1	5	0	2	9	8	6	7		66+
5.	9	8	10	0	5	2	7	4	1	3	11	6		66+
6.	8	6	4	1	5	3	11	7	10	0	9	2		66+
7.	10	8	3	9	5	11	1	2	0	4	6	7		66+
8.	7	10	6	4	2	1	11	5	3	0	8	9		66+
9.	10	8	3	9	5	11	1	2	0	4	6	7		66+
10.	9	8	10	0	5	2	7	4	1	3	11	6		66+
														=660
	78+	77+	62+	34+	46+	42+	54+	54+	47+	25+	75+	66	=660

Tablica kosztów
 \	5	15	15	10	
15	10	0	20	11	
25	12	7	9	20	
5	0	14	16	18	

Tablica przewozów
Optymalne rozwiązanie
 \	5	15	15	10	
15	0	15	0	0	
25	0	0	15	10	
5	5	0	0	0	
Funkcja oceny: 335
 indexu = 5
Osobnik nr 3
 \	1.	2.	3.	4.	5.	6.	7.	8.	9.	10.	11.	12.	
1.	4	5	9	2	7	0	3	10	6	1	8	11		66+
2.	10	8	3	9	5	11	1	2	0	4	6	7		66+
3.	8	6	4	1	5	3	11	7	10	0	9	2		66+
4.	4	5	9	2	7	0	3	10	6	1	8	11		66+
5.	9	8	10	0	5	2	7	4	1	3	11	6		66+
6.	10	8	3	9	5	11	1	2	0	4	6	7		66+
7.	6	9	5	3	4	7	10	8	11	1	2	0		66+
8.	9	8	10	0	5	2	7	4	1	3	11	6		66+
9.	11	10	3	4	1	5	0	2	9	8	6	7		66+
10.	7	10	6	4	2	1	11	5	3	0	8	9		66+
														=660
	78+	77+	62+	34+	46+	42+	54+	54+	47+	25+	75+	66	=660

Tablica kosztów
 \	5	15	15	10	
15	10	0	20	11	
25	12	7	9	20	
5	0	14	16	18	

Tablica przewozów
Optymalne rozwiązanie
 \	5	15	15	10	
15	0	15	0	0	
25	0	0	15	10	
5	5	0	0	0	
Funkcja oceny: 335
 indexu = 2
Osobnik nr 4
 \	1.	2.	3.	4.	5.	6.	7.	8.	9.	10.	11.	12.	
1.	4	5	9	2	7	0	3	10	6	1	8	11		66+
2.	4	5	9	2	7	0	3	10	6	1	8	11		66+
3.	10	8	3	9	5	11	1	2	0	4	6	7		66+
4.	8	6	4	1	5	3	11	7	10	0	9	2		66+
5.	7	10	6	4	2	1	11	5	3	0	8	9		66+
6.	6	9	5	3	4	7	10	8	11	1	2	0		66+
7.	11	10	3	4	1	5	0	2	9	8	6	7		66+
8.	10	8	3	9	5	11	1	2	0	4	6	7		66+
9.	9	8	10	0	5	2	7	4	1	3	11	6		66+
10.	9	8	10	0	5	2	7	4	1	3	11	6		66+
														=660
	78+	77+	62+	34+	46+	42+	54+	54+	47+	25+	75+	66	=660

Tablica kosztów
 \	5	15	15	10	
15	10	0	20	11	
25	12	7	9	20	
5	0	14	16	18	

Tablica przewozów
Optymalne rozwiązanie
 \	5	15	15	10	
15	0	15	0	0	
25	0	0	15	10	
5	5	0	0	0	
Funkcja oceny: 335
 indexu = 3
Osobnik nr 5
 \	1.	2.	3.	4.	5.	6.	7.	8.	9.	10.	11.	12.	
1.	10	8	3	9	5	11	1	2	0	4	6	7		66+
2.	10	8	3	9	5	11	1	2	0	4	6	7		66+
3.	6	9	5	3	4	7	10	8	11	1	2	0		66+
4.	9	8	10	0	5	2	7	4	1	3	11	6		66+
5.	7	10	6	4	2	1	11	5	3	0	8	9		66+
6.	11	10	3	4	1	5	0	2	9	8	6	7		66+
7.	4	5	9	2	7	0	3	10	6	1	8	11		66+
8.	9	8	10	0	5	2	7	4	1	3	11	6		66+
9.	8	6	4	1	5	3	11	7	10	0	9	2		66+
10.	4	5	9	2	7	0	3	10	6	1	8	11		66+
														=660
	78+	77+	62+	34+	46+	42+	54+	54+	47+	25+	75+	66	=660

Tablica kosztów
 \	5	15	15	10	
15	10	0	20	11	
25	12	7	9	20	
5	0	14	16	18	

Tablica przewozów
Optymalne rozwiązanie
 \	5	15	15	10	
15	0	15	0	0	
25	0	0	15	10	
5	5	0	0	0	
Funkcja oceny: 335
 indexu = 8
Osobnik nr 6
 \	1.	2.	3.	4.	5.	6.	7.	8.	9.	10.	11.	12.	
1.	10	8	3	9	5	11	1	2	0	4	6	7		66+
2.	11	10	3	4	1	5	0	2	9	8	6	7		66+
3.	4	5	9	2	7	0	3	10	6	1	8	11		66+
4.	8	6	4	1	5	3	11	7	10	0	9	2		66+
5.	9	8	10	0	5	2	7	4	1	3	11	6		66+
6.	9	8	10	0	5	2	7	4	1	3	11	6		66+
7.	4	5	9	2	7	0	3	10	6	1	8	11		66+
8.	6	9	5	3	4	7	10	8	11	1	2	0		66+
9.	7	10	6	4	2	1	11	5	3	0	8	9		66+
10.	10	8	3	9	5	11	1	2	0	4	6	7		66+
														=660
	78+	77+	62+	34+	46+	42+	54+	54+	47+	25+	75+	66	=660

Tablica kosztów
 \	5	15	15	10	
15	10	0	20	11	
25	12	7	9	20	
5	0	14	16	18	

Tablica przewozów
Optymalne rozwiązanie
 \	5	15	15	10	
15	0	15	0	0	
25	0	0	15	10	
5	5	0	0	0	
Funkcja oceny: 335
 indexu = 3
Osobnik nr 7
 \	1.	2.	3.	4.	5.	6.	7.	8.	9.	10.	11.	12.	
1.	7	10	6	4	2	1	11	5	3	0	8	9		66+
2.	4	5	9	2	7	0	3	10	6	1	8	11		66+
3.	9	8	10	0	5	2	7	4	1	3	11	6		66+
4.	6	9	5	3	4	7	10	8	11	1	2	0		66+
5.	8	6	4	1	5	3	11	7	10	0	9	2		66+
6.	11	10	3	4	1	5	0	2	9	8	6	7		66+
7.	4	5	9	2	7	0	3	10	6	1	8	11		66+
8.	10	8	3	9	5	11	1	2	0	4	6	7		66+
9.	10	8	3	9	5	11	1	2	0	4	6	7		66+
10.	9	8	10	0	5	2	7	4	1	3	11	6		66+
														=660
	78+	77+	62+	34+	46+	42+	54+	54+	47+	25+	75+	66	=660

Tablica kosztów
 \	5	15	15	10	
15	10	0	20	11	
25	12	7	9	20	
5	0	14	16	18	

Tablica przewozów
Optymalne rozwiązanie
 \	5	15	15	10	
15	0	15	0	0	
25	0	0	15	10	
5	5	0	0	0	
Funkcja oceny: 335
 indexu = 4
Osobnik nr 8
 \	1.	2.	3.	4.	5.	6.	7.	8.	9.	10.	11.	12.	
1.	9	8	10	0	5	2	7	4	1	3	11	6		66+
2.	4	5	9	2	7	0	3	10	6	1	8	11		66+
3.	7	10	6	4	2	1	11	5	3	0	8	9		66+
4.	10	8	3	9	5	11	1	2	0	4	6	7		66+
5.	4	5	9	2	7	0	3	10	6	1	8	11		66+
6.	11	10	3	4	1	5	0	2	9	8	6	7		66+
7.	10	8	3	9	5	11	1	2	0	4	6	7		66+
8.	9	8	10	0	5	2	7	4	1	3	11	6		66+
9.	6	9	5	3	4	7	10	8	11	1	2	0		66+
10.	8	6	4	1	5	3	11	7	10	0	9	2		66+
														=660
	78+	77+	62+	34+	46+	42+	54+	54+	47+	25+	75+	66	=660

Tablica kosztów
 \	5	15	15	10	
15	10	0	20	11	
25	12	7	9	20	
5	0	14	16	18	

Tablica przewozów
Optymalne rozwiązanie
 \	5	15	15	10	
15	0	15	0	0	
25	0	0	15	10	
5	5	0	0	0	
Funkcja oceny: 335
 indexu = 9
Osobnik nr 9
 \	1.	2.	3.	4.	5.	6.	7.	8.	9.	10.	11.	12.	
1.	9	8	10	0	5	2	7	4	1	3	11	6		66+
2.	11	10	3	4	1	5	0	2	9	8	6	7		66+
3.	4	5	9	2	7	0	3	10	6	1	8	11		66+
4.	7	10	6	4	2	1	11	5	3	0	8	9		66+
5.	8	6	4	1	5	3	11	7	10	0	9	2		66+
6.	10	8	3	9	5	11	1	2	0	4	6	7		66+
7.	4	5	9	2	7	0	3	10	6	1	8	11		66+
8.	10	8	3	9	5	11	1	2	0	4	6	7		66+
9.	9	8	10	0	5	2	7	4	1	3	11	6		66+
10.	6	9	5	3	4	7	10	8	11	1	2	0		66+
														=660
	78+	77+	62+	34+	46+	42+	54+	54+	47+	25+	75+	66	=660

Tablica kosztów
 \	5	15	15	10	
15	10	0	20	11	
25	12	7	9	20	
5	0	14	16	18	

Tablica przewozów
Optymalne rozwiązanie
 \	5	15	15	10	
15	0	15	0	0	
25	0	0	15	10	
5	5	0	0	0	
Funkcja oceny: 335
 indexu = 4
Osobnik nr 10
 \	1.	2.	3.	4.	5.	6.	7.	8.	9.	10.	11.	12.	
1.	4	5	9	2	7	0	3	10	6	1	8	11		66+
2.	6	9	5	3	4	7	10	8	11	1	2	0		66+
3.	9	8	10	0	5	2	7	4	1	3	11	6		66+
4.	10	8	3	9	5	11	1	2	0	4	6	7		66+
5.	11	10	3	4	1	5	0	2	9	8	6	7		66+
6.	10	8	3	9	5	11	1	2	0	4	6	7		66+
7.	8	6	4	1	5	3	11	7	10	0	9	2		66+
8.	9	8	10	0	5	2	7	4	1	3	11	6		66+
9.	4	5	9	2	7	0	3	10	6	1	8	11		66+
10.	7	10	6	4	2	1	11	5	3	0	8	9		66+
														=660
	78+	77+	62+	34+	46+	42+	54+	54+	47+	25+	75+	66	=660

Tablica kosztów
 \	5	15	15	10	
15	10	0	20	11	
25	12	7	9	20	
5	0	14	16	18	

Tablica przewozów
Optymalne rozwiązanie
 \	5	15	15	10	
15	0	15	0	0	
25	0	0	15	10	
5	5	0	0	0	
Funkcja oceny: 335
 indexu = 6
Algorytm genetyczny: 

