Epoka nr 4
MUTACJA dla osobnika nr 6
 \	1.	2.	3.	4.	5.	6.	7.	8.	9.	10.	11.	12.	
1.	10	0	0	9	0	0	22	0	0	4	14	7		66+
2.	11	0	3	0	0	0	0	0	9	0	36	7		66+
3.	0	9	9	2	10	0	0	8	6	6	5	11		66+
4.	8	6	11	3	10	0	1	6	10	0	9	2		66+
5.	0	32	10	6	0	7	0	0	0	0	5	6		66+
6.	9	3	0	0	0	2	7	16	20	3	0	6		66+
7.	11	0	14	0	21	0	4	0	2	3	0	11		66+
8.	5	9	6	2	0	21	0	22	0	1	0	0		66+
9.	14	10	6	3	0	1	19	0	0	4	0	9		66+
10.	10	8	3	9	5	11	1	2	0	4	6	7		66+
														=660
	78+	77+	62+	34+	46+	42+	54+	54+	47+	25+	75+	66	=660
Wylosowano kolumny {3, 5, 8, 10}
Wylosowano wiersze {1, 2, 7}
Podmacierz W wylosowanych punktów
 \	3.	5.	8.	10.	
1.	0	0	0	4	
2.	3	0	0	0	
7.	14	21	0	3	
Zauważmy, że sourw[1] = 4, sourw[2] = 3, sourw[3] = 38, destw[1] = 17, destw[2] = 21, destw[3] = 0, destw[4] = 7
										
Po ponownej inicjalizacji macierzy W może ona przyjąć nastepującą postać
 \	3.	5.	8.	10.	
1.	0	0	0	4	
2.	0	0	0	3	
7.	17	21	0	0	

Populacja nr 6 po wykonaniu mutacji
 \	1.	2.	3.	4.	5.	6.	7.	8.	9.	10.	11.	12.	
1.	10	0	0	9	0	0	22	0	0	4	14	7	66
2.	11	0	0	0	0	0	0	0	9	3	36	7	66
3.	0	9	9	2	10	0	0	8	6	6	5	11	66
4.	8	6	11	3	10	0	1	6	10	0	9	2	66
5.	0	32	10	6	0	7	0	0	0	0	5	6	66
6.	9	3	0	0	0	2	7	16	20	3	0	6	66
7.	11	0	17	0	21	0	4	0	2	0	0	11	66
8.	5	9	6	2	0	21	0	22	0	1	0	0	66
9.	14	10	6	3	0	1	19	0	0	4	0	9	66
10.	10	8	3	9	5	11	1	2	0	4	6	7	66
													=660
78	77	62	34	46	42	54	54	47	25	75	66	=660

KRZYŻOWANIE dla osobnika 9ego z 8im
				OSOBNIK NR9 - V1 											OSOBNIK NR8 - V2
 \	1.	2.	3.	4.	5.	6.	7.	8.	9.	10.	11.	12.			 \	1.	2.	3.	4.	5.	6.	7.	8.	9.	10.	11.	12.	
1.	18	0	4	0	0	0	0	0	0	13	25	6			1.	0	0	30	5	0	7	0	0	9	0	9	6	
2.	0	3	8	0	0	16	0	0	0	0	32	7			2.	0	7	0	8	35	0	0	0	0	4	1	11	
3.	26	0	0	0	14	0	0	0	15	0	0	11			3.	0	0	4	15	6	0	32	0	0	0	0	9	
4.	3	0	6	0	3	0	0	34	0	11	0	9			4.	0	0	7	4	0	24	7	10	0	7	0	7	
5.	15	2	9	1	0	0	0	0	21	0	16	2			5.	0	2	9	0	0	6	0	0	10	0	28	11	
6.	10	12	15	0	1	18	0	3	0	0	0	7			6.	0	25	1	0	0	0	0	21	0	0	12	7	
7.	0	14	0	20	2	0	10	9	0	0	0	11			7.	10	29	4	1	0	0	0	2	0	13	0	7	
8.	0	37	0	0	22	0	0	0	0	0	0	7			8.	31	0	0	0	0	2	0	14	0	0	13	6	
9.	0	0	15	10	0	1	34	0	0	0	0	6			9.	29	8	3	0	0	0	4	0	18	1	3	0	
10.	6	9	5	3	4	7	10	8	11	1	2	0			10.	8	6	4	1	5	3	11	7	10	0	9	2	

				OSOBNIK NR9 - DIV 											OSOBNIK NR8 - REM
 \	1.	2.	3.	4.	5.	6.	7.	8.	9.	10.	11.	12.			 \	1.	2.	3.	4.	5.	6.	7.	8.	9.	10.	11.	12.	
1.	9	0	17	2	0	3	0	0	4	6	17	6			1.	0	0	0	1	0	1	0	0	1	1	0	0	4
2.	0	5	4	4	17	8	0	0	0	2	16	9			2.	0	0	0	0	1	0	0	0	0	0	1	0	2
3.	13	0	2	7	10	0	16	0	7	0	0	10			3.	0	0	0	1	0	0	0	0	1	0	0	0	2
4.	1	0	6	2	1	12	3	22	0	9	0	8			4.	1	0	1	0	1	0	1	0	0	0	0	0	4
5.	7	2	9	0	0	3	0	0	15	0	22	6			5.	1	0	0	1	0	0	0	0	1	0	0	1	4
6.	5	18	8	0	0	9	0	12	0	0	6	7			6.	0	1	0	0	1	0	0	0	0	0	0	0	2
7.	5	21	2	10	1	0	5	5	0	6	0	9			7.	0	1	0	1	0	0	0	1	0	1	0	0	4
8.	15	18	0	0	11	1	0	7	0	0	6	6			8.	1	1	0	0	0	0	0	0	0	0	1	1	4
9.	14	4	9	5	0	0	19	0	9	0	1	3			9.	1	0	0	0	0	1	0	0	0	1	1	0	4
10.	7	7	4	2	4	5	10	7	10	0	5	1			10.	0	1	1	0	1	0	1	1	1	1	1	0	8
																4	4	2	4	4	2	2	2	4	4	4	2

				OSOBNIK NR9 - REM1 											OSOBNIK NR8 - REM2
 \	1.	2.	3.	4.	5.	6.	7.	8.	9.	10.	11.	12.			 \	1.	2.	3.	4.	5.	6.	7.	8.	9.	10.	11.	12.	
1.	0	0	0	1	0	1	0	0	0	0	0	0	2		1.	0	0	0	0	0	0	0	0	1	1	0	0	2
2.	0	0	0	0	1	0	0	0	0	0	0	0	1		2.	0	0	0	0	0	0	0	0	0	0	1	0	1
3.	0	0	0	1	0	0	0	0	0	0	0	0	1		3.	0	0	0	0	0	0	0	0	1	0	0	0	1
4.	1	0	1	0	0	0	0	0	0	0	0	0	2		4.	0	0	0	0	1	0	1	0	0	0	0	0	2
5.	1	0	0	0	0	0	0	0	1	0	0	0	2		5.	0	0	0	1	0	0	0	0	0	0	0	1	2
6.	0	1	0	0	0	0	0	0	0	0	0	0	1		6.	0	0	0	0	1	0	0	0	0	0	0	0	1
7.	0	1	0	0	0	0	0	1	0	0	0	0	2		7.	0	0	0	1	0	0	0	0	0	1	0	0	2
8.	0	0	0	0	0	0	0	0	0	0	1	1	2		8.	1	1	0	0	0	0	0	0	0	0	0	0	2
9.	0	0	0	0	0	0	0	0	0	1	1	0	2		9.	1	0	0	0	0	1	0	0	0	0	0	0	2
10.	0	0	0	0	1	0	1	0	1	1	0	0	4		10.	0	1	1	0	0	0	0	1	0	0	1	0	4
	2	2	1	2	2	1	1	1	2	2	2	1			 	2	2	1	2	2	1	1	1	2	2	2	1	

				OSOBNIK NR9 - V3 											OSOBNIK NR8 - V4
 \	1.	2.	3.	4.	5.	6.	7.	8.	9.	10.	11.	12.			 \	1.	2.	3.	4.	5.	6.	7.	8.	9.	10.	11.	12.	
1.	9	0	17	3	0	4	0	0	4	6	17	6			1.	9	0	17	2	0	3	0	0	5	7	17	6	
2.	0	5	4	4	18	8	0	0	0	2	16	9			2.	0	5	4	4	17	8	0	0	0	2	17	9	
3.	13	0	2	8	10	0	16	0	7	0	0	10			3.	13	0	2	7	10	0	16	0	8	0	0	10	
4.	2	0	7	2	1	12	3	22	0	9	0	8			4.	1	0	6	2	2	12	4	22	0	9	0	8	
5.	8	2	9	0	0	3	0	0	16	0	22	6			5.	7	2	9	1	0	3	0	0	15	0	22	7	
6.	5	19	8	0	0	9	0	12	0	0	6	7			6.	5	18	8	0	1	9	0	12	0	0	6	7	
7.	5	22	2	10	1	0	5	6	0	6	0	9			7.	5	21	2	11	1	0	5	5	0	7	0	9	
8.	15	18	0	0	11	1	0	7	0	0	7	7			8.	16	19	0	0	11	1	0	7	0	0	6	6	
9.	14	4	9	5	0	0	19	0	9	1	2	3			9.	15	4	9	5	0	1	19	0	9	0	1	3	
10.	7	7	4	2	5	5	11	7	11	1	5	1			10.	7	8	5	2	4	5	10	8	10	0	6	1	
	
Osobnik nr 1
 \	5	15	15	10	
15	10	0	20	11	
25	12	7	9	20	
5	0	14	16	18	

Tablica przewozów
Optymalne rozwiązanie
 \	5	15	15	10	
15	5	0	10	0	
25	0	10	5	10	
5	0	5	0	0	
Funkcja oceny: 635
 indexu = 1
Osobnik nr 2
 \	5	15	15	10	
15	10	0	20	11	
25	12	7	9	20	
5	0	14	16	18	

Tablica przewozów
Optymalne rozwiązanie
 \	5	15	15	10	
15	5	0	10	0	
25	0	10	5	10	
5	0	5	0	0	
Funkcja oceny: 635
 indexu = 9
Osobnik nr 3
 \	5	15	15	10	
15	10	0	20	11	
25	12	7	9	20	
5	0	14	16	18	

Tablica przewozów
Optymalne rozwiązanie
 \	5	15	15	10	
15	0	15	0	0	
25	5	0	10	10	
5	0	0	5	0	
Funkcja oceny: 430
 indexu = 9
Osobnik nr 4
 \	5	15	15	10	
15	10	0	20	11	
25	12	7	9	20	
5	0	14	16	18	

Tablica przewozów
Optymalne rozwiązanie
 \	5	15	15	10	
15	5	0	10	0	
25	0	10	5	10	
5	0	5	0	0	
Funkcja oceny: 635
 indexu = 8
Osobnik nr 5
 \	5	15	15	10	
15	10	0	20	11	
25	12	7	9	20	
5	0	14	16	18	

Tablica przewozów
Optymalne rozwiązanie
 \	5	15	15	10	
15	0	0	15	0	
25	5	15	0	5	
5	0	0	0	5	
Funkcja oceny: 655
 indexu = 9
Osobnik nr 6
 \	5	15	15	10	
15	10	0	20	11	
25	12	7	9	20	
5	0	14	16	18	

Tablica przewozów
Optymalne rozwiązanie
 \	5	15	15	10	
15	0	0	5	10	
25	5	15	5	0	
5	0	0	5	0	
Funkcja oceny: 500
 indexu = 9
Osobnik nr 7
 \	5	15	15	10	
15	10	0	20	11	
25	12	7	9	20	
5	0	14	16	18	

Tablica przewozów
Optymalne rozwiązanie
 \	5	15	15	10	
15	5	0	10	0	
25	0	10	5	10	
5	0	5	0	0	
Funkcja oceny: 635
 indexu = 2
Osobnik nr 8
 \	5	15	15	10	
15	10	0	20	11	
25	12	7	9	20	
5	0	14	16	18	

Tablica przewozów
Optymalne rozwiązanie
 \	5	15	15	10	
15	0	15	0	0	
25	0	0	15	10	
5	5	0	0	0	
Funkcja oceny: 335
 indexu = 9
Osobnik nr 9
 \	5	15	15	10	
15	10	0	20	11	
25	12	7	9	20	
5	0	14	16	18	

Tablica przewozów
Optymalne rozwiązanie
 \	5	15	15	10	
15	5	0	0	10	
25	0	10	15	0	
5	0	5	0	0	
Funkcja oceny: 435
 indexu = 9
Osobnik nr 10
 \	5	15	15	10	
15	10	0	20	11	
25	12	7	9	20	
5	0	14	16	18	

Tablica przewozów
Optymalne rozwiązanie
 \	5	15	15	10	
15	0	15	0	0	
25	5	0	10	10	
5	0	0	5	0	
Funkcja oceny: 430
 indexu = 9

Najtańszy koszt wynosi = 335