Epoka nr 74
MUTACJA dla osobnika nr 10
 \	1.	2.	3.	4.	5.	6.	7.	8.	9.	10.	11.	12.	
1.	0	1	45	0	9	0	0	0	0	0	0	11		66+
2.	0	44	1	7	12	2	0	0	0	0	0	0		66+
3.	35	0	0	0	0	0	10	2	0	0	13	6		66+
4.	7	13	10	0	0	0	0	15	0	14	0	7		66+
5.	0	9	0	0	0	0	0	11	0	0	39	7		66+
6.	0	0	0	0	23	0	16	0	17	3	0	7		66+
7.	29	0	0	0	0	0	17	6	0	0	12	2		66+
8.	0	0	0	1	0	39	0	9	0	8	3	6		66+
9.	0	0	0	22	0	0	0	6	27	0	0	11		66+
10.	7	10	6	4	2	1	11	5	3	0	8	9		66+
														=660
	78+	77+	62+	34+	46+	42+	54+	54+	47+	25+	75+	66	=660
Wylosowano kolumny {2, 3, 5, 9}
Wylosowano wiersze {2, 8, 9}
Podmacierz W wylosowanych punktów
 \	2.	3.	5.	9.	
2.	44	1	12	0	
8.	0	0	0	0	
9.	0	0	0	27	
Zauważmy, że sourw[1] = 57, sourw[2] = 0, sourw[3] = 27, destw[1] = 44, destw[2] = 1, destw[3] = 12, destw[4] = 27
										
Po ponownej inicjalizacji macierzy W może ona przyjąć nastepującą postać
 \	2.	3.	5.	9.	
2.	44	1	0	12	
8.	0	0	0	0	
9.	0	0	12	15	

Populacja nr 10 po wykonaniu mutacji
 \	1.	2.	3.	4.	5.	6.	7.	8.	9.	10.	11.	12.	
1.	0	1	45	0	9	0	0	0	0	0	0	11	66
2.	0	44	1	7	0	2	0	0	12	0	0	0	66
3.	35	0	0	0	0	0	10	2	0	0	13	6	66
4.	7	13	10	0	0	0	0	15	0	14	0	7	66
5.	0	9	0	0	0	0	0	11	0	0	39	7	66
6.	0	0	0	0	23	0	16	0	17	3	0	7	66
7.	29	0	0	0	0	0	17	6	0	0	12	2	66
8.	0	0	0	1	0	39	0	9	0	8	3	6	66
9.	0	0	0	22	12	0	0	6	15	0	0	11	66
10.	7	10	6	4	2	1	11	5	3	0	8	9	66
													=660
78	77	62	34	46	42	54	54	47	25	75	66	=660

KRZYŻOWANIE dla osobnika 5ego z 4im
				OSOBNIK NR5 - V1 											OSOBNIK NR4 - V2
 \	1.	2.	3.	4.	5.	6.	7.	8.	9.	10.	11.	12.			 \	1.	2.	3.	4.	5.	6.	7.	8.	9.	10.	11.	12.	
1.	24	5	0	0	7	0	18	0	3	0	0	9			1.	24	5	0	0	7	0	17	0	4	0	0	9	
2.	0	11	1	4	0	0	0	16	16	3	6	9			2.	0	11	0	4	0	0	0	17	16	3	6	9	
3.	13	0	0	10	6	1	0	6	7	0	20	3			3.	12	0	0	9	6	1	0	6	7	0	21	4	
4.	2	12	16	1	0	5	4	21	1	0	0	4			4.	2	11	15	1	0	6	4	21	2	0	0	4	
5.	17	0	0	0	12	0	0	0	6	20	2	9			5.	17	0	0	0	12	0	0	0	5	20	3	9	
6.	0	5	20	11	11	3	6	4	0	0	3	3			6.	0	4	20	12	11	3	6	3	0	0	3	4	
7.	15	13	0	0	1	10	8	0	10	0	0	9			7.	15	13	0	0	1	9	9	0	10	0	0	9	
8.	0	0	16	0	3	12	6	0	0	0	22	7			8.	0	0	17	0	3	12	6	0	0	0	22	6	
9.	1	25	0	7	0	10	7	0	0	0	12	4			9.	1	26	0	7	0	10	7	0	0	0	11	4	
10.	6	6	9	1	6	1	5	7	4	2	10	9			10.	7	7	10	1	6	1	5	7	3	2	9	8	

				OSOBNIK NR5 - DIV 											OSOBNIK NR4 - REM
 \	1.	2.	3.	4.	5.	6.	7.	8.	9.	10.	11.	12.			 \	1.	2.	3.	4.	5.	6.	7.	8.	9.	10.	11.	12.	
1.	24	5	0	0	7	0	17	0	3	0	0	9			1.	0	0	0	0	0	0	1	0	1	0	0	0	2
2.	0	11	0	4	0	0	0	16	16	3	6	9			2.	0	0	1	0	0	0	0	1	0	0	0	0	2
3.	12	0	0	9	6	1	0	6	7	0	20	3			3.	1	0	0	1	0	0	0	0	0	0	1	1	4
4.	2	11	15	1	0	5	4	21	1	0	0	4			4.	0	1	1	0	0	1	0	0	1	0	0	0	4
5.	17	0	0	0	12	0	0	0	5	20	2	9			5.	0	0	0	0	0	0	0	0	1	0	1	0	2
6.	0	4	20	11	11	3	6	3	0	0	3	3			6.	0	1	0	1	0	0	0	1	0	0	0	1	4
7.	15	13	0	0	1	9	8	0	10	0	0	9			7.	0	0	0	0	0	1	1	0	0	0	0	0	2
8.	0	0	16	0	3	12	6	0	0	0	22	6			8.	0	0	1	0	0	0	0	0	0	0	0	1	2
9.	1	25	0	7	0	10	7	0	0	0	11	4			9.	0	1	0	0	0	0	0	0	0	0	1	0	2
10.	6	6	9	1	6	1	5	7	3	2	9	8			10.	1	1	1	0	0	0	0	0	1	0	1	1	6
																2	4	4	2	0	2	2	2	4	0	4	4

				OSOBNIK NR5 - REM1 											OSOBNIK NR4 - REM2
 \	1.	2.	3.	4.	5.	6.	7.	8.	9.	10.	11.	12.			 \	1.	2.	3.	4.	5.	6.	7.	8.	9.	10.	11.	12.	
1.	0	0	0	0	0	0	1	0	0	0	0	0	1		1.	0	0	0	0	0	0	0	0	1	0	0	0	1
2.	0	0	1	0	0	0	0	0	0	0	0	0	1		2.	0	0	0	0	0	0	0	1	0	0	0	0	1
3.	1	0	0	1	0	0	0	0	0	0	0	0	2		3.	0	0	0	0	0	0	0	0	0	0	1	1	2
4.	0	1	1	0	0	0	0	0	0	0	0	0	2		4.	0	0	0	0	0	1	0	0	1	0	0	0	2
5.	0	0	0	0	0	0	0	0	1	0	0	0	1		5.	0	0	0	0	0	0	0	0	0	0	1	0	1
6.	0	1	0	0	0	0	0	1	0	0	0	0	2		6.	0	0	0	1	0	0	0	0	0	0	0	1	2
7.	0	0	0	0	0	1	0	0	0	0	0	0	1		7.	0	0	0	0	0	0	1	0	0	0	0	0	1
8.	0	0	0	0	0	0	0	0	0	0	0	1	1		8.	0	0	1	0	0	0	0	0	0	0	0	0	1
9.	0	0	0	0	0	0	0	0	0	0	1	0	1		9.	0	1	0	0	0	0	0	0	0	0	0	0	1
10.	0	0	0	0	0	0	0	0	1	0	1	1	3		10.	1	1	1	0	0	0	0	0	0	0	0	0	3
	1	2	2	1	0	1	1	1	2	0	2	2			 	1	2	2	1	0	1	1	1	2	0	2	2	

				OSOBNIK NR5 - V3 											OSOBNIK NR4 - V4
 \	1.	2.	3.	4.	5.	6.	7.	8.	9.	10.	11.	12.			 \	1.	2.	3.	4.	5.	6.	7.	8.	9.	10.	11.	12.	
1.	24	5	0	0	7	0	18	0	3	0	0	9			1.	24	5	0	0	7	0	17	0	4	0	0	9	
2.	0	11	1	4	0	0	0	16	16	3	6	9			2.	0	11	0	4	0	0	0	17	16	3	6	9	
3.	13	0	0	10	6	1	0	6	7	0	20	3			3.	12	0	0	9	6	1	0	6	7	0	21	4	
4.	2	12	16	1	0	5	4	21	1	0	0	4			4.	2	11	15	1	0	6	4	21	2	0	0	4	
5.	17	0	0	0	12	0	0	0	6	20	2	9			5.	17	0	0	0	12	0	0	0	5	20	3	9	
6.	0	5	20	11	11	3	6	4	0	0	3	3			6.	0	4	20	12	11	3	6	3	0	0	3	4	
7.	15	13	0	0	1	10	8	0	10	0	0	9			7.	15	13	0	0	1	9	9	0	10	0	0	9	
8.	0	0	16	0	3	12	6	0	0	0	22	7			8.	0	0	17	0	3	12	6	0	0	0	22	6	
9.	1	25	0	7	0	10	7	0	0	0	12	4			9.	1	26	0	7	0	10	7	0	0	0	11	4	
10.	6	6	9	1	6	1	5	7	4	2	10	9			10.	7	7	10	1	6	1	5	7	3	2	9	8	
	
Osobnik nr 1
 \	5	15	15	10	
15	10	0	20	11	
25	12	7	9	20	
5	0	14	16	18	

Tablica przewozów
Optymalne rozwiązanie
 \	5	15	15	10	
15	5	0	10	0	
25	0	10	5	10	
5	0	5	0	0	
Funkcja oceny: 635
 indexu = 1
Osobnik nr 2
 \	5	15	15	10	
15	10	0	20	11	
25	12	7	9	20	
5	0	14	16	18	

Tablica przewozów
Optymalne rozwiązanie
 \	5	15	15	10	
15	5	0	10	0	
25	0	10	5	10	
5	0	5	0	0	
Funkcja oceny: 635
 indexu = 9
Osobnik nr 3
 \	5	15	15	10	
15	10	0	20	11	
25	12	7	9	20	
5	0	14	16	18	

Tablica przewozów
Optymalne rozwiązanie
 \	5	15	15	10	
15	0	15	0	0	
25	5	0	10	10	
5	0	0	5	0	
Funkcja oceny: 430
 indexu = 9
Osobnik nr 4
 \	5	15	15	10	
15	10	0	20	11	
25	12	7	9	20	
5	0	14	16	18	

Tablica przewozów
Optymalne rozwiązanie
 \	5	15	15	10	
15	5	0	10	0	
25	0	10	5	10	
5	0	5	0	0	
Funkcja oceny: 635
 indexu = 8
Osobnik nr 5
 \	5	15	15	10	
15	10	0	20	11	
25	12	7	9	20	
5	0	14	16	18	

Tablica przewozów
Optymalne rozwiązanie
 \	5	15	15	10	
15	0	0	15	0	
25	5	15	0	5	
5	0	0	0	5	
Funkcja oceny: 655
 indexu = 6
Osobnik nr 6
 \	5	15	15	10	
15	10	0	20	11	
25	12	7	9	20	
5	0	14	16	18	

Tablica przewozów
Optymalne rozwiązanie
 \	5	15	15	10	
15	0	0	5	10	
25	5	15	5	0	
5	0	0	5	0	
Funkcja oceny: 500
 indexu = 9
Osobnik nr 7
 \	5	15	15	10	
15	10	0	20	11	
25	12	7	9	20	
5	0	14	16	18	

Tablica przewozów
Optymalne rozwiązanie
 \	5	15	15	10	
15	5	0	10	0	
25	0	10	5	10	
5	0	5	0	0	
Funkcja oceny: 635
 indexu = 9
Osobnik nr 8
 \	5	15	15	10	
15	10	0	20	11	
25	12	7	9	20	
5	0	14	16	18	

Tablica przewozów
Optymalne rozwiązanie
 \	5	15	15	10	
15	0	15	0	0	
25	0	0	15	10	
5	5	0	0	0	
Funkcja oceny: 335
 indexu = 9
Osobnik nr 9
 \	5	15	15	10	
15	10	0	20	11	
25	12	7	9	20	
5	0	14	16	18	

Tablica przewozów
Optymalne rozwiązanie
 \	5	15	15	10	
15	5	0	0	10	
25	0	10	15	0	
5	0	5	0	0	
Funkcja oceny: 435
 indexu = 9
Osobnik nr 10
 \	5	15	15	10	
15	10	0	20	11	
25	12	7	9	20	
5	0	14	16	18	

Tablica przewozów
Optymalne rozwiązanie
 \	5	15	15	10	
15	0	15	0	0	
25	5	0	10	10	
5	0	0	5	0	
Funkcja oceny: 430
 indexu = 9

Najtańszy koszt wynosi = 335