Epoka nr 98
MUTACJA dla osobnika nr 10
 \	1.	2.	3.	4.	5.	6.	7.	8.	9.	10.	11.	12.	
1.	0	0	41	0	8	0	6	0	0	0	0	11		66+
2.	20	9	15	12	0	0	10	0	0	0	0	0		66+
3.	30	20	0	0	0	0	0	0	3	0	7	6		66+
4.	0	0	0	0	1	19	0	0	0	0	39	7		66+
5.	21	0	0	18	11	0	0	0	0	9	0	7		66+
6.	0	0	0	0	0	6	0	32	0	0	21	7		66+
7.	0	38	0	0	0	8	0	0	3	15	0	2		66+
8.	0	0	0	0	11	0	0	10	38	1	0	6		66+
9.	0	0	0	0	13	8	27	7	0	0	0	11		66+
10.	7	10	6	4	2	1	11	5	3	0	8	9		66+
														=660
	78+	77+	62+	34+	46+	42+	54+	54+	47+	25+	75+	66	=660
Wylosowano kolumny {1, 3, 7, 9}
Wylosowano wiersze {2, 3, 4}
Podmacierz W wylosowanych punktów
 \	1.	3.	7.	9.	
2.	20	15	10	0	
3.	30	0	0	3	
4.	0	0	0	0	
Zauważmy, że sourw[1] = 45, sourw[2] = 33, sourw[3] = 0, destw[1] = 50, destw[2] = 15, destw[3] = 10, destw[4] = 3
										
Po ponownej inicjalizacji macierzy W może ona przyjąć nastepującą postać
 \	1.	3.	7.	9.	
2.	30	15	0	0	
3.	20	0	10	3	
4.	0	0	0	0	

Populacja nr 10 po wykonaniu mutacji
 \	1.	2.	3.	4.	5.	6.	7.	8.	9.	10.	11.	12.	
1.	0	0	41	0	8	0	6	0	0	0	0	11	66
2.	30	9	15	12	0	0	0	0	0	0	0	0	66
3.	20	20	0	0	0	0	10	0	3	0	7	6	66
4.	0	0	0	0	1	19	0	0	0	0	39	7	66
5.	21	0	0	18	11	0	0	0	0	9	0	7	66
6.	0	0	0	0	0	6	0	32	0	0	21	7	66
7.	0	38	0	0	0	8	0	0	3	15	0	2	66
8.	0	0	0	0	11	0	0	10	38	1	0	6	66
9.	0	0	0	0	13	8	27	7	0	0	0	11	66
10.	7	10	6	4	2	1	11	5	3	0	8	9	66
													=660
78	77	62	34	46	42	54	54	47	25	75	66	=660

KRZYŻOWANIE dla osobnika 9ego z 8im
				OSOBNIK NR9 - V1 											OSOBNIK NR8 - V2
 \	1.	2.	3.	4.	5.	6.	7.	8.	9.	10.	11.	12.			 \	1.	2.	3.	4.	5.	6.	7.	8.	9.	10.	11.	12.	
1.	0	0	9	2	12	10	6	0	0	3	18	6			1.	0	0	8	1	13	10	7	0	0	3	18	6	
2.	3	3	11	1	9	4	4	0	0	1	21	9			2.	3	2	11	1	9	4	4	0	0	1	22	9	
3.	7	0	4	7	6	0	16	3	6	0	0	10			3.	6	0	3	8	6	0	16	3	7	0	0	10	
4.	1	8	7	1	2	6	1	23	0	9	0	8			4.	1	8	6	1	2	6	1	24	0	9	0	8	
5.	15	6	10	2	0	2	1	0	8	0	11	6			5.	14	5	11	2	0	1	2	0	8	0	11	7	
6.	2	19	8	0	0	4	0	12	0	0	3	7			6.	3	18	8	0	0	4	0	12	0	0	3	7	
7.	1	21	2	14	1	0	7	3	1	3	0	9			7.	2	22	2	13	0	0	6	3	1	4	0	9	
8.	26	9	0	1	11	0	0	1	4	0	0	7			8.	26	9	0	2	11	1	0	1	3	0	0	6	
9.	16	4	7	4	1	0	8	0	5	0	1	3			9.	16	5	8	4	0	0	8	0	4	0	1	3	
10.	7	7	4	2	4	5	11	8	10	1	6	1			10.	7	8	5	2	5	5	10	7	11	0	5	1	

				OSOBNIK NR9 - DIV 											OSOBNIK NR8 - REM
 \	1.	2.	3.	4.	5.	6.	7.	8.	9.	10.	11.	12.			 \	1.	2.	3.	4.	5.	6.	7.	8.	9.	10.	11.	12.	
1.	0	0	8	1	12	10	6	0	0	3	18	6			1.	0	0	1	1	1	0	1	0	0	0	0	0	4
2.	3	2	11	1	9	4	4	0	0	1	21	9			2.	0	1	0	0	0	0	0	0	0	0	1	0	2
3.	6	0	3	7	6	0	16	3	6	0	0	10			3.	1	0	1	1	0	0	0	0	1	0	0	0	4
4.	1	8	6	1	2	6	1	23	0	9	0	8			4.	0	0	1	0	0	0	0	1	0	0	0	0	2
5.	14	5	10	2	0	1	1	0	8	0	11	6			5.	1	1	1	0	0	1	1	0	0	0	0	1	6
6.	2	18	8	0	0	4	0	12	0	0	3	7			6.	1	1	0	0	0	0	0	0	0	0	0	0	2
7.	1	21	2	13	0	0	6	3	1	3	0	9			7.	1	1	0	1	1	0	1	0	0	1	0	0	6
8.	26	9	0	1	11	0	0	1	3	0	0	6			8.	0	0	0	1	0	1	0	0	1	0	0	1	4
9.	16	4	7	4	0	0	8	0	4	0	1	3			9.	0	1	1	0	1	0	0	0	1	0	0	0	4
10.	7	7	4	2	4	5	10	7	10	0	5	1			10.	0	1	1	0	1	0	1	1	1	1	1	0	8
																4	6	6	4	4	2	4	2	4	2	2	2

				OSOBNIK NR9 - REM1 											OSOBNIK NR8 - REM2
 \	1.	2.	3.	4.	5.	6.	7.	8.	9.	10.	11.	12.			 \	1.	2.	3.	4.	5.	6.	7.	8.	9.	10.	11.	12.	
1.	0	0	1	1	0	0	0	0	0	0	0	0	2		1.	0	0	0	0	1	0	1	0	0	0	0	0	2
2.	0	1	0	0	0	0	0	0	0	0	0	0	1		2.	0	0	0	0	0	0	0	0	0	0	1	0	1
3.	1	0	1	0	0	0	0	0	0	0	0	0	2		3.	0	0	0	1	0	0	0	0	1	0	0	0	2
4.	0	0	1	0	0	0	0	0	0	0	0	0	1		4.	0	0	0	0	0	0	0	1	0	0	0	0	1
5.	1	1	0	0	0	1	0	0	0	0	0	0	3		5.	0	0	1	0	0	0	1	0	0	0	0	1	3
6.	0	1	0	0	0	0	0	0	0	0	0	0	1		6.	1	0	0	0	0	0	0	0	0	0	0	0	1
7.	0	0	0	1	1	0	1	0	0	0	0	0	3		7.	1	1	0	0	0	0	0	0	0	1	0	0	3
8.	0	0	0	0	0	0	0	0	1	0	0	1	2		8.	0	0	0	1	0	1	0	0	0	0	0	0	2
9.	0	0	0	0	1	0	0	0	1	0	0	0	2		9.	0	1	1	0	0	0	0	0	0	0	0	0	2
10.	0	0	0	0	0	0	1	1	0	1	1	0	4		10.	0	1	1	0	1	0	0	0	1	0	0	0	4
	2	3	3	2	2	1	2	1	2	1	1	1			 	2	3	3	2	2	1	2	1	2	1	1	1	

				OSOBNIK NR9 - V3 											OSOBNIK NR8 - V4
 \	1.	2.	3.	4.	5.	6.	7.	8.	9.	10.	11.	12.			 \	1.	2.	3.	4.	5.	6.	7.	8.	9.	10.	11.	12.	
1.	0	0	9	2	12	10	6	0	0	3	18	6			1.	0	0	8	1	13	10	7	0	0	3	18	6	
2.	3	3	11	1	9	4	4	0	0	1	21	9			2.	3	2	11	1	9	4	4	0	0	1	22	9	
3.	7	0	4	7	6	0	16	3	6	0	0	10			3.	6	0	3	8	6	0	16	3	7	0	0	10	
4.	1	8	7	1	2	6	1	23	0	9	0	8			4.	1	8	6	1	2	6	1	24	0	9	0	8	
5.	15	6	10	2	0	2	1	0	8	0	11	6			5.	14	5	11	2	0	1	2	0	8	0	11	7	
6.	2	19	8	0	0	4	0	12	0	0	3	7			6.	3	18	8	0	0	4	0	12	0	0	3	7	
7.	1	21	2	14	1	0	7	3	1	3	0	9			7.	2	22	2	13	0	0	6	3	1	4	0	9	
8.	26	9	0	1	11	0	0	1	4	0	0	7			8.	26	9	0	2	11	1	0	1	3	0	0	6	
9.	16	4	7	4	1	0	8	0	5	0	1	3			9.	16	5	8	4	0	0	8	0	4	0	1	3	
10.	7	7	4	2	4	5	11	8	10	1	6	1			10.	7	8	5	2	5	5	10	7	11	0	5	1	
	
Osobnik nr 1
 \	5	15	15	10	
15	10	0	20	11	
25	12	7	9	20	
5	0	14	16	18	

Tablica przewozów
Optymalne rozwiązanie
 \	5	15	15	10	
15	5	0	10	0	
25	0	10	5	10	
5	0	5	0	0	
Funkcja oceny: 635
 indexu = 9
Osobnik nr 2
 \	5	15	15	10	
15	10	0	20	11	
25	12	7	9	20	
5	0	14	16	18	

Tablica przewozów
Optymalne rozwiązanie
 \	5	15	15	10	
15	5	0	10	0	
25	0	10	5	10	
5	0	5	0	0	
Funkcja oceny: 635
 indexu = 4
Osobnik nr 3
 \	5	15	15	10	
15	10	0	20	11	
25	12	7	9	20	
5	0	14	16	18	

Tablica przewozów
Optymalne rozwiązanie
 \	5	15	15	10	
15	0	15	0	0	
25	5	0	10	10	
5	0	0	5	0	
Funkcja oceny: 430
 indexu = 9
Osobnik nr 4
 \	5	15	15	10	
15	10	0	20	11	
25	12	7	9	20	
5	0	14	16	18	

Tablica przewozów
Optymalne rozwiązanie
 \	5	15	15	10	
15	5	0	10	0	
25	0	10	5	10	
5	0	5	0	0	
Funkcja oceny: 635
 indexu = 9
Osobnik nr 5
 \	5	15	15	10	
15	10	0	20	11	
25	12	7	9	20	
5	0	14	16	18	

Tablica przewozów
Optymalne rozwiązanie
 \	5	15	15	10	
15	0	0	15	0	
25	5	15	0	5	
5	0	0	0	5	
Funkcja oceny: 655
 indexu = 9
Osobnik nr 6
 \	5	15	15	10	
15	10	0	20	11	
25	12	7	9	20	
5	0	14	16	18	

Tablica przewozów
Optymalne rozwiązanie
 \	5	15	15	10	
15	0	0	5	10	
25	5	15	5	0	
5	0	0	5	0	
Funkcja oceny: 500
 indexu = 0
Osobnik nr 7
 \	5	15	15	10	
15	10	0	20	11	
25	12	7	9	20	
5	0	14	16	18	

Tablica przewozów
Optymalne rozwiązanie
 \	5	15	15	10	
15	5	0	10	0	
25	0	10	5	10	
5	0	5	0	0	
Funkcja oceny: 635
 indexu = 9
Osobnik nr 8
 \	5	15	15	10	
15	10	0	20	11	
25	12	7	9	20	
5	0	14	16	18	

Tablica przewozów
Optymalne rozwiązanie
 \	5	15	15	10	
15	0	15	0	0	
25	0	0	15	10	
5	5	0	0	0	
Funkcja oceny: 335
 indexu = 9
Osobnik nr 9
 \	5	15	15	10	
15	10	0	20	11	
25	12	7	9	20	
5	0	14	16	18	

Tablica przewozów
Optymalne rozwiązanie
 \	5	15	15	10	
15	5	0	0	10	
25	0	10	15	0	
5	0	5	0	0	
Funkcja oceny: 435
 indexu = 9
Osobnik nr 10
 \	5	15	15	10	
15	10	0	20	11	
25	12	7	9	20	
5	0	14	16	18	

Tablica przewozów
Optymalne rozwiązanie
 \	5	15	15	10	
15	0	15	0	0	
25	5	0	10	10	
5	0	0	5	0	
Funkcja oceny: 430
 indexu = 9

Najtańszy koszt wynosi = 335