Epoka nr 8
MUTACJA dla osobnika nr 3
 \	1.	2.	3.	4.	5.	6.	7.	8.	9.	10.	11.	12.	
1.	4	5	3	2	20	13	0	0	0	0	8	11		66+
2.	26	10	9	10	4	0	0	0	0	0	0	7		66+
3.	0	23	0	0	5	3	13	0	0	0	20	2		66+
4.	3	5	12	2	7	0	0	0	17	1	8	11		66+
5.	13	0	0	9	0	0	30	4	0	4	0	6		66+
6.	11	7	12	0	2	11	0	2	0	0	14	7		66+
7.	6	12	20	3	0	0	0	8	17	0	0	0		66+
8.	8	0	0	0	5	0	0	0	10	20	17	6		66+
9.	0	5	0	4	1	14	0	35	0	0	0	7		66+
10.	7	10	6	4	2	1	11	5	3	0	8	9		66+
														=660
	78+	77+	62+	34+	46+	42+	54+	54+	47+	25+	75+	66	=660
Wylosowano kolumny {2, 4, 7, 11}
Wylosowano wiersze {3, 4, 5}
Podmacierz W wylosowanych punktów
 \	2.	4.	7.	11.	
3.	23	0	13	20	
4.	5	2	0	8	
5.	0	9	30	0	
Zauważmy, że sourw[1] = 56, sourw[2] = 15, sourw[3] = 39, destw[1] = 28, destw[2] = 11, destw[3] = 43, destw[4] = 28
										
Po ponownej inicjalizacji macierzy W może ona przyjąć nastepującą postać
 \	2.	4.	7.	11.	
3.	28	11	4	13	
4.	0	0	0	15	
5.	0	0	39	0	

Populacja nr 3 po wykonaniu mutacji
 \	1.	2.	3.	4.	5.	6.	7.	8.	9.	10.	11.	12.	
1.	4	5	3	2	20	13	0	0	0	0	8	11	66
2.	26	10	9	10	4	0	0	0	0	0	0	7	66
3.	0	28	0	11	5	3	4	0	0	0	13	2	66
4.	3	0	12	0	7	0	0	0	17	1	15	11	66
5.	13	0	0	0	0	0	39	4	0	4	0	6	66
6.	11	7	12	0	2	11	0	2	0	0	14	7	66
7.	6	12	20	3	0	0	0	8	17	0	0	0	66
8.	8	0	0	0	5	0	0	0	10	20	17	6	66
9.	0	5	0	4	1	14	0	35	0	0	0	7	66
10.	7	10	6	4	2	1	11	5	3	0	8	9	66
													=660
78	77	62	34	46	42	54	54	47	25	75	66	=660

KRZYŻOWANIE dla osobnika 7ego z 3im
				OSOBNIK NR7 - V1 											OSOBNIK NR3 - V2
 \	1.	2.	3.	4.	5.	6.	7.	8.	9.	10.	11.	12.			 \	1.	2.	3.	4.	5.	6.	7.	8.	9.	10.	11.	12.	
1.	41	5	0	0	0	0	0	11	0	0	0	9			1.	4	5	3	2	20	13	0	0	0	0	8	11	
2.	0	35	0	0	0	9	0	11	0	0	0	11			2.	26	10	9	10	4	0	0	0	0	0	0	7	
3.	0	21	2	0	0	0	22	0	0	0	15	6			3.	0	28	0	11	5	3	4	0	0	0	13	2	
4.	6	0	0	7	19	0	0	6	25	3	0	0			4.	3	0	12	0	7	0	0	0	17	1	15	11	
5.	0	0	0	12	0	21	9	1	21	0	0	2			5.	13	0	0	0	0	0	39	4	0	4	0	6	
6.	0	3	3	0	0	0	0	7	0	16	30	7			6.	11	7	12	0	2	11	0	2	0	0	14	7	
7.	11	4	3	0	20	0	0	14	0	3	0	11			7.	6	12	20	3	0	0	0	8	17	0	0	0	
8.	11	1	0	0	2	10	16	0	0	0	19	7			8.	8	0	0	0	5	0	0	0	10	20	17	6	
9.	0	0	44	15	0	0	0	0	0	0	0	7			9.	0	5	0	4	1	14	0	35	0	0	0	7	
10.	9	8	10	0	5	2	7	4	1	3	11	6			10.	7	10	6	4	2	1	11	5	3	0	8	9	

				OSOBNIK NR7 - DIV 											OSOBNIK NR3 - REM
 \	1.	2.	3.	4.	5.	6.	7.	8.	9.	10.	11.	12.			 \	1.	2.	3.	4.	5.	6.	7.	8.	9.	10.	11.	12.	
1.	22	5	1	1	10	6	0	5	0	0	4	10			1.	1	0	1	0	0	1	0	1	0	0	0	0	4
2.	13	22	4	5	2	4	0	5	0	0	0	9			2.	0	1	1	0	0	1	0	1	0	0	0	0	4
3.	0	24	1	5	2	1	13	0	0	0	14	4			3.	0	1	0	1	1	1	0	0	0	0	0	0	4
4.	4	0	6	3	13	0	0	3	21	2	7	5			4.	1	0	0	1	0	0	0	0	0	0	1	1	4
5.	6	0	0	6	0	10	24	2	10	2	0	4			5.	1	0	0	0	0	1	0	1	1	0	0	0	4
6.	5	5	7	0	1	5	0	4	0	8	22	7			6.	1	0	1	0	0	1	0	1	0	0	0	0	4
7.	8	8	11	1	10	0	0	11	8	1	0	5			7.	1	0	1	1	0	0	0	0	1	1	0	1	6
8.	9	0	0	0	3	5	8	0	5	10	18	6			8.	1	1	0	0	1	0	0	0	0	0	0	1	4
9.	0	2	22	9	0	7	0	17	0	0	0	7			9.	0	1	0	1	1	0	0	1	0	0	0	0	4
10.	8	9	8	2	3	1	9	4	2	1	9	7			10.	0	0	0	0	1	1	0	1	0	1	1	1	6
																6	4	4	4	4	6	0	6	2	2	2	4

				OSOBNIK NR7 - REM1 											OSOBNIK NR3 - REM2
 \	1.	2.	3.	4.	5.	6.	7.	8.	9.	10.	11.	12.			 \	1.	2.	3.	4.	5.	6.	7.	8.	9.	10.	11.	12.	
1.	1	0	1	0	0	0	0	0	0	0	0	0	2		1.	0	0	0	0	0	1	0	1	0	0	0	0	2
2.	0	1	1	0	0	0	0	0	0	0	0	0	2		2.	0	0	0	0	0	1	0	1	0	0	0	0	2
3.	0	1	0	1	0	0	0	0	0	0	0	0	2		3.	0	0	0	0	1	1	0	0	0	0	0	0	2
4.	1	0	0	1	0	0	0	0	0	0	0	0	2		4.	0	0	0	0	0	0	0	0	0	0	1	1	2
5.	1	0	0	0	0	1	0	0	0	0	0	0	2		5.	0	0	0	0	0	0	0	1	1	0	0	0	2
6.	0	0	0	0	0	1	0	1	0	0	0	0	2		6.	1	0	1	0	0	0	0	0	0	0	0	0	2
7.	0	0	0	0	0	0	0	0	1	1	0	1	3		7.	1	0	1	1	0	0	0	0	0	0	0	0	3
8.	0	0	0	0	1	0	0	0	0	0	0	1	2		8.	1	1	0	0	0	0	0	0	0	0	0	0	2
9.	0	0	0	0	1	0	0	1	0	0	0	0	2		9.	0	1	0	1	0	0	0	0	0	0	0	0	2
10.	0	0	0	0	0	1	0	1	0	0	1	0	3		10.	0	0	0	0	1	0	0	0	0	1	0	1	3
	3	2	2	2	2	3	0	3	1	1	1	2			 	3	2	2	2	2	3	0	3	1	1	1	2	

				OSOBNIK NR7 - V3 											OSOBNIK NR3 - V4
 \	1.	2.	3.	4.	5.	6.	7.	8.	9.	10.	11.	12.			 \	1.	2.	3.	4.	5.	6.	7.	8.	9.	10.	11.	12.	
1.	23	5	2	1	10	6	0	5	0	0	4	10			1.	22	5	1	1	10	7	0	6	0	0	4	10	
2.	13	23	5	5	2	4	0	5	0	0	0	9			2.	13	22	4	5	2	5	0	6	0	0	0	9	
3.	0	25	1	6	2	1	13	0	0	0	14	4			3.	0	24	1	5	3	2	13	0	0	0	14	4	
4.	5	0	6	4	13	0	0	3	21	2	7	5			4.	4	0	6	3	13	0	0	3	21	2	8	6	
5.	7	0	0	6	0	11	24	2	10	2	0	4			5.	6	0	0	6	0	10	24	3	11	2	0	4	
6.	5	5	7	0	1	6	0	5	0	8	22	7			6.	6	5	8	0	1	5	0	4	0	8	22	7	
7.	8	8	11	1	10	0	0	11	9	2	0	6			7.	9	8	12	2	10	0	0	11	8	1	0	5	
8.	9	0	0	0	4	5	8	0	5	10	18	7			8.	10	1	0	0	3	5	8	0	5	10	18	6	
9.	0	2	22	9	1	7	0	18	0	0	0	7			9.	0	3	22	10	0	7	0	17	0	0	0	7	
10.	8	9	8	2	3	2	9	5	2	1	10	7			10.	8	9	8	2	4	1	9	4	2	2	9	8	
	
Osobnik nr 1
 \	5	15	15	10	
15	10	0	20	11	
25	12	7	9	20	
5	0	14	16	18	

Tablica przewozów
Optymalne rozwiązanie
 \	5	15	15	10	
15	5	0	10	0	
25	0	10	5	10	
5	0	5	0	0	
Funkcja oceny: 635
 indexu = 9
Osobnik nr 2
 \	5	15	15	10	
15	10	0	20	11	
25	12	7	9	20	
5	0	14	16	18	

Tablica przewozów
Optymalne rozwiązanie
 \	5	15	15	10	
15	5	0	10	0	
25	0	10	5	10	
5	0	5	0	0	
Funkcja oceny: 635
 indexu = 4
Osobnik nr 3
 \	5	15	15	10	
15	10	0	20	11	
25	12	7	9	20	
5	0	14	16	18	

Tablica przewozów
Optymalne rozwiązanie
 \	5	15	15	10	
15	0	15	0	0	
25	5	0	10	10	
5	0	0	5	0	
Funkcja oceny: 430
 indexu = 9
Osobnik nr 4
 \	5	15	15	10	
15	10	0	20	11	
25	12	7	9	20	
5	0	14	16	18	

Tablica przewozów
Optymalne rozwiązanie
 \	5	15	15	10	
15	5	0	10	0	
25	0	10	5	10	
5	0	5	0	0	
Funkcja oceny: 635
 indexu = 9
Osobnik nr 5
 \	5	15	15	10	
15	10	0	20	11	
25	12	7	9	20	
5	0	14	16	18	

Tablica przewozów
Optymalne rozwiązanie
 \	5	15	15	10	
15	0	0	15	0	
25	5	15	0	5	
5	0	0	0	5	
Funkcja oceny: 655
 indexu = 9
Osobnik nr 6
 \	5	15	15	10	
15	10	0	20	11	
25	12	7	9	20	
5	0	14	16	18	

Tablica przewozów
Optymalne rozwiązanie
 \	5	15	15	10	
15	0	0	5	10	
25	5	15	5	0	
5	0	0	5	0	
Funkcja oceny: 500
 indexu = 9
Osobnik nr 7
 \	5	15	15	10	
15	10	0	20	11	
25	12	7	9	20	
5	0	14	16	18	

Tablica przewozów
Optymalne rozwiązanie
 \	5	15	15	10	
15	5	0	10	0	
25	0	10	5	10	
5	0	5	0	0	
Funkcja oceny: 635
 indexu = 9
Osobnik nr 8
 \	5	15	15	10	
15	10	0	20	11	
25	12	7	9	20	
5	0	14	16	18	

Tablica przewozów
Optymalne rozwiązanie
 \	5	15	15	10	
15	0	15	0	0	
25	0	0	15	10	
5	5	0	0	0	
Funkcja oceny: 335
 indexu = 9
Osobnik nr 9
 \	5	15	15	10	
15	10	0	20	11	
25	12	7	9	20	
5	0	14	16	18	

Tablica przewozów
Optymalne rozwiązanie
 \	5	15	15	10	
15	5	0	0	10	
25	0	10	15	0	
5	0	5	0	0	
Funkcja oceny: 435
 indexu = 9
Osobnik nr 10
 \	5	15	15	10	
15	10	0	20	11	
25	12	7	9	20	
5	0	14	16	18	

Tablica przewozów
Optymalne rozwiązanie
 \	5	15	15	10	
15	0	15	0	0	
25	5	0	10	10	
5	0	0	5	0	
Funkcja oceny: 430
 indexu = 9

Najtańszy koszt wynosi = 335