Problem transportowy
Osobnik nr 1
 \	1.	2.	3.	4.	5.	6.	7.	8.	9.	10.	11.	12.	13.	14.	15.	16.	17.	18.	19.	20.	
1.	13	19	17	18	5	8	4	10	16	9	2	1	0	14	12	11	7	6	3	15		190+
2.	3	8	11	4	12	10	6	9	15	18	16	5	13	19	2	14	1	17	0	7		190+
3.	9	11	16	18	6	1	8	4	3	13	5	19	12	7	15	14	0	10	17	2		190+
4.	15	4	0	1	10	6	3	18	12	19	11	2	14	7	9	8	13	5	16	17		190+
5.	19	9	16	8	3	17	15	1	14	12	5	2	18	11	0	6	10	7	13	4		190+
6.	19	9	16	8	3	17	15	1	14	12	5	2	18	11	0	6	10	7	13	4		190+
7.	13	19	17	18	5	8	4	10	16	9	2	1	0	14	12	11	7	6	3	15		190+
8.	13	19	17	18	5	8	4	10	16	9	2	1	0	14	12	11	7	6	3	15		190+
9.	15	4	0	1	10	6	3	18	12	19	11	2	14	7	9	8	13	5	16	17		190+
10.	13	19	17	18	5	8	4	10	16	9	2	1	0	14	12	11	7	6	3	15		190+
																						=1900
	132+	121+	127+	112+	64+	89+	66+	91+	134+	129+	61+	36+	89+	118+	83+	100+	75+	75+	87+	111	=1900

Tablica kosztów
 \	5	15	15	10	5	
15	10	0	20	11	6	
25	12	7	9	20	11	
5	0	14	16	18	7	
5	0	14	16	18	5	

Tablica przewozów
Optymalne rozwiązanie
 \	5	15	15	10	5	
15	0	0	0	10	5	
25	0	10	15	0	0	
5	0	5	0	0	0	
5	5	0	0	0	0	
Funkcja oceny: 415
 indexu = 1
Osobnik nr 2
 \	1.	2.	3.	4.	5.	6.	7.	8.	9.	10.	11.	12.	13.	14.	15.	16.	17.	18.	19.	20.	
1.	19	9	16	8	3	17	15	1	14	12	5	2	18	11	0	6	10	7	13	4		190+
2.	13	19	17	18	5	8	4	10	16	9	2	1	0	14	12	11	7	6	3	15		190+
3.	13	19	17	18	5	8	4	10	16	9	2	1	0	14	12	11	7	6	3	15		190+
4.	19	9	16	8	3	17	15	1	14	12	5	2	18	11	0	6	10	7	13	4		190+
5.	15	4	0	1	10	6	3	18	12	19	11	2	14	7	9	8	13	5	16	17		190+
6.	9	11	16	18	6	1	8	4	3	13	5	19	12	7	15	14	0	10	17	2		190+
7.	3	8	11	4	12	10	6	9	15	18	16	5	13	19	2	14	1	17	0	7		190+
8.	15	4	0	1	10	6	3	18	12	19	11	2	14	7	9	8	13	5	16	17		190+
9.	13	19	17	18	5	8	4	10	16	9	2	1	0	14	12	11	7	6	3	15		190+
10.	13	19	17	18	5	8	4	10	16	9	2	1	0	14	12	11	7	6	3	15		190+
																						=1900
	132+	121+	127+	112+	64+	89+	66+	91+	134+	129+	61+	36+	89+	118+	83+	100+	75+	75+	87+	111	=1900

Tablica kosztów
 \	5	15	15	10	5	
15	10	0	20	11	6	
25	12	7	9	20	11	
5	0	14	16	18	7	
5	0	14	16	18	5	

Tablica przewozów
Optymalne rozwiązanie
 \	5	15	15	10	5	
15	0	0	0	10	5	
25	0	10	15	0	0	
5	0	5	0	0	0	
5	5	0	0	0	0	
Funkcja oceny: 415
 indexu = 6
Osobnik nr 3
 \	1.	2.	3.	4.	5.	6.	7.	8.	9.	10.	11.	12.	13.	14.	15.	16.	17.	18.	19.	20.	
1.	15	4	0	1	10	6	3	18	12	19	11	2	14	7	9	8	13	5	16	17		190+
2.	19	9	16	8	3	17	15	1	14	12	5	2	18	11	0	6	10	7	13	4		190+
3.	3	8	11	4	12	10	6	9	15	18	16	5	13	19	2	14	1	17	0	7		190+
4.	13	19	17	18	5	8	4	10	16	9	2	1	0	14	12	11	7	6	3	15		190+
5.	9	11	16	18	6	1	8	4	3	13	5	19	12	7	15	14	0	10	17	2		190+
6.	13	19	17	18	5	8	4	10	16	9	2	1	0	14	12	11	7	6	3	15		190+
7.	13	19	17	18	5	8	4	10	16	9	2	1	0	14	12	11	7	6	3	15		190+
8.	19	9	16	8	3	17	15	1	14	12	5	2	18	11	0	6	10	7	13	4		190+
9.	13	19	17	18	5	8	4	10	16	9	2	1	0	14	12	11	7	6	3	15		190+
10.	15	4	0	1	10	6	3	18	12	19	11	2	14	7	9	8	13	5	16	17		190+
																						=1900
	132+	121+	127+	112+	64+	89+	66+	91+	134+	129+	61+	36+	89+	118+	83+	100+	75+	75+	87+	111	=1900

Tablica kosztów
 \	5	15	15	10	5	
15	10	0	20	11	6	
25	12	7	9	20	11	
5	0	14	16	18	7	
5	0	14	16	18	5	

Tablica przewozów
Optymalne rozwiązanie
 \	5	15	15	10	5	
15	0	0	0	10	5	
25	0	10	15	0	0	
5	0	5	0	0	0	
5	5	0	0	0	0	
Funkcja oceny: 415
 indexu = 2
Osobnik nr 4
 \	1.	2.	3.	4.	5.	6.	7.	8.	9.	10.	11.	12.	13.	14.	15.	16.	17.	18.	19.	20.	
1.	15	4	0	1	10	6	3	18	12	19	11	2	14	7	9	8	13	5	16	17		190+
2.	13	19	17	18	5	8	4	10	16	9	2	1	0	14	12	11	7	6	3	15		190+
3.	3	8	11	4	12	10	6	9	15	18	16	5	13	19	2	14	1	17	0	7		190+
4.	9	11	16	18	6	1	8	4	3	13	5	19	12	7	15	14	0	10	17	2		190+
5.	15	4	0	1	10	6	3	18	12	19	11	2	14	7	9	8	13	5	16	17		190+
6.	13	19	17	18	5	8	4	10	16	9	2	1	0	14	12	11	7	6	3	15		190+
7.	13	19	17	18	5	8	4	10	16	9	2	1	0	14	12	11	7	6	3	15		190+
8.	19	9	16	8	3	17	15	1	14	12	5	2	18	11	0	6	10	7	13	4		190+
9.	13	19	17	18	5	8	4	10	16	9	2	1	0	14	12	11	7	6	3	15		190+
10.	19	9	16	8	3	17	15	1	14	12	5	2	18	11	0	6	10	7	13	4		190+
																						=1900
	132+	121+	127+	112+	64+	89+	66+	91+	134+	129+	61+	36+	89+	118+	83+	100+	75+	75+	87+	111	=1900

Tablica kosztów
 \	5	15	15	10	5	
15	10	0	20	11	6	
25	12	7	9	20	11	
5	0	14	16	18	7	
5	0	14	16	18	5	

Tablica przewozów
Optymalne rozwiązanie
 \	5	15	15	10	5	
15	0	0	0	10	5	
25	0	10	15	0	0	
5	0	5	0	0	0	
5	5	0	0	0	0	
Funkcja oceny: 415
 indexu = 2
Osobnik nr 5
 \	1.	2.	3.	4.	5.	6.	7.	8.	9.	10.	11.	12.	13.	14.	15.	16.	17.	18.	19.	20.	
1.	19	9	16	8	3	17	15	1	14	12	5	2	18	11	0	6	10	7	13	4		190+
2.	15	4	0	1	10	6	3	18	12	19	11	2	14	7	9	8	13	5	16	17		190+
3.	13	19	17	18	5	8	4	10	16	9	2	1	0	14	12	11	7	6	3	15		190+
4.	9	11	16	18	6	1	8	4	3	13	5	19	12	7	15	14	0	10	17	2		190+
5.	3	8	11	4	12	10	6	9	15	18	16	5	13	19	2	14	1	17	0	7		190+
6.	19	9	16	8	3	17	15	1	14	12	5	2	18	11	0	6	10	7	13	4		190+
7.	13	19	17	18	5	8	4	10	16	9	2	1	0	14	12	11	7	6	3	15		190+
8.	13	19	17	18	5	8	4	10	16	9	2	1	0	14	12	11	7	6	3	15		190+
9.	13	19	17	18	5	8	4	10	16	9	2	1	0	14	12	11	7	6	3	15		190+
10.	15	4	0	1	10	6	3	18	12	19	11	2	14	7	9	8	13	5	16	17		190+
																						=1900
	132+	121+	127+	112+	64+	89+	66+	91+	134+	129+	61+	36+	89+	118+	83+	100+	75+	75+	87+	111	=1900

Tablica kosztów
 \	5	15	15	10	5	
15	10	0	20	11	6	
25	12	7	9	20	11	
5	0	14	16	18	7	
5	0	14	16	18	5	

Tablica przewozów
Optymalne rozwiązanie
 \	5	15	15	10	5	
15	0	0	0	10	5	
25	0	10	15	0	0	
5	0	5	0	0	0	
5	5	0	0	0	0	
Funkcja oceny: 415
 indexu = 4
Algorytm genetyczny: 

