Problem transportowy
Osobnik nr 1
 \	1.	2.	3.	4.	5.	6.	7.	8.	9.	10.	11.	12.	
1.	5	0	11	2	1	10	6	4	9	3	8	7		66+
2.	9	11	5	6	4	7	10	2	1	3	0	8		66+
3.	5	10	7	2	9	8	6	1	11	3	4	0		66+
4.	10	11	8	6	3	4	5	9	0	7	2	1		66+
5.	5	0	11	2	1	10	6	4	9	3	8	7		66+
6.	5	0	11	2	1	10	6	4	9	3	8	7		66+
7.	10	11	8	6	3	4	5	9	0	7	2	1		66+
8.	11	4	5	9	1	7	3	0	10	6	2	8		66+
9.	6	4	8	9	7	5	3	1	11	10	0	2		66+
10.	5	10	7	2	9	8	6	1	11	3	4	0		66+
														=660
	71+	61+	81+	46+	39+	73+	56+	35+	71+	48+	38+	41	=660

Tablica kosztów
 \	15	19	13	18	
20	3	6	8	4	
28	6	1	2	5	
17	7	8	3	9	

Tablica przewozów
Optymalne rozwiązanie
 \	15	19	13	18	
20	11	0	0	9	
28	0	19	0	9	
17	4	0	13	0	
Funkcja oceny: 200
 indexu = 9
Osobnik nr 2
 \	1.	2.	3.	4.	5.	6.	7.	8.	9.	10.	11.	12.	
1.	5	0	11	2	1	10	6	4	9	3	8	7		66+
2.	5	0	11	2	1	10	6	4	9	3	8	7		66+
3.	5	10	7	2	9	8	6	1	11	3	4	0		66+
4.	5	10	7	2	9	8	6	1	11	3	4	0		66+
5.	6	4	8	9	7	5	3	1	11	10	0	2		66+
6.	10	11	8	6	3	4	5	9	0	7	2	1		66+
7.	5	0	11	2	1	10	6	4	9	3	8	7		66+
8.	10	11	8	6	3	4	5	9	0	7	2	1		66+
9.	9	11	5	6	4	7	10	2	1	3	0	8		66+
10.	11	4	5	9	1	7	3	0	10	6	2	8		66+
														=660
	71+	61+	81+	46+	39+	73+	56+	35+	71+	48+	38+	41	=660

Tablica kosztów
 \	15	19	13	18	
20	3	6	8	4	
28	6	1	2	5	
17	7	8	3	9	

Tablica przewozów
Optymalne rozwiązanie
 \	15	19	13	18	
20	11	0	0	9	
28	0	19	0	9	
17	4	0	13	0	
Funkcja oceny: 200
 indexu = 2
Osobnik nr 3
 \	1.	2.	3.	4.	5.	6.	7.	8.	9.	10.	11.	12.	
1.	6	4	8	9	7	5	3	1	11	10	0	2		66+
2.	5	0	11	2	1	10	6	4	9	3	8	7		66+
3.	9	11	5	6	4	7	10	2	1	3	0	8		66+
4.	11	4	5	9	1	7	3	0	10	6	2	8		66+
5.	5	10	7	2	9	8	6	1	11	3	4	0		66+
6.	10	11	8	6	3	4	5	9	0	7	2	1		66+
7.	5	0	11	2	1	10	6	4	9	3	8	7		66+
8.	10	11	8	6	3	4	5	9	0	7	2	1		66+
9.	5	10	7	2	9	8	6	1	11	3	4	0		66+
10.	5	0	11	2	1	10	6	4	9	3	8	7		66+
														=660
	71+	61+	81+	46+	39+	73+	56+	35+	71+	48+	38+	41	=660

Tablica kosztów
 \	15	19	13	18	
20	3	6	8	4	
28	6	1	2	5	
17	7	8	3	9	

Tablica przewozów
Optymalne rozwiązanie
 \	15	19	13	18	
20	11	0	0	9	
28	0	19	0	9	
17	4	0	13	0	
Funkcja oceny: 200
 indexu = 8
Osobnik nr 4
 \	1.	2.	3.	4.	5.	6.	7.	8.	9.	10.	11.	12.	
1.	9	11	5	6	4	7	10	2	1	3	0	8		66+
2.	6	4	8	9	7	5	3	1	11	10	0	2		66+
3.	5	0	11	2	1	10	6	4	9	3	8	7		66+
4.	5	0	11	2	1	10	6	4	9	3	8	7		66+
5.	5	10	7	2	9	8	6	1	11	3	4	0		66+
6.	11	4	5	9	1	7	3	0	10	6	2	8		66+
7.	10	11	8	6	3	4	5	9	0	7	2	1		66+
8.	10	11	8	6	3	4	5	9	0	7	2	1		66+
9.	5	10	7	2	9	8	6	1	11	3	4	0		66+
10.	5	0	11	2	1	10	6	4	9	3	8	7		66+
														=660
	71+	61+	81+	46+	39+	73+	56+	35+	71+	48+	38+	41	=660

Tablica kosztów
 \	15	19	13	18	
20	3	6	8	4	
28	6	1	2	5	
17	7	8	3	9	

Tablica przewozów
Optymalne rozwiązanie
 \	15	19	13	18	
20	11	0	0	9	
28	0	19	0	9	
17	4	0	13	0	
Funkcja oceny: 200
 indexu = 4
Osobnik nr 5
 \	1.	2.	3.	4.	5.	6.	7.	8.	9.	10.	11.	12.	
1.	11	4	5	9	1	7	3	0	10	6	2	8		66+
2.	10	11	8	6	3	4	5	9	0	7	2	1		66+
3.	5	0	11	2	1	10	6	4	9	3	8	7		66+
4.	5	10	7	2	9	8	6	1	11	3	4	0		66+
5.	6	4	8	9	7	5	3	1	11	10	0	2		66+
6.	5	0	11	2	1	10	6	4	9	3	8	7		66+
7.	10	11	8	6	3	4	5	9	0	7	2	1		66+
8.	5	10	7	2	9	8	6	1	11	3	4	0		66+
9.	9	11	5	6	4	7	10	2	1	3	0	8		66+
10.	5	0	11	2	1	10	6	4	9	3	8	7		66+
														=660
	71+	61+	81+	46+	39+	73+	56+	35+	71+	48+	38+	41	=660

Tablica kosztów
 \	15	19	13	18	
20	3	6	8	4	
28	6	1	2	5	
17	7	8	3	9	

Tablica przewozów
Optymalne rozwiązanie
 \	15	19	13	18	
20	11	0	0	9	
28	0	19	0	9	
17	4	0	13	0	
Funkcja oceny: 200
 indexu = 7
Osobnik nr 6
 \	1.	2.	3.	4.	5.	6.	7.	8.	9.	10.	11.	12.	
1.	10	11	8	6	3	4	5	9	0	7	2	1		66+
2.	6	4	8	9	7	5	3	1	11	10	0	2		66+
3.	11	4	5	9	1	7	3	0	10	6	2	8		66+
4.	5	0	11	2	1	10	6	4	9	3	8	7		66+
5.	5	0	11	2	1	10	6	4	9	3	8	7		66+
6.	9	11	5	6	4	7	10	2	1	3	0	8		66+
7.	5	10	7	2	9	8	6	1	11	3	4	0		66+
8.	10	11	8	6	3	4	5	9	0	7	2	1		66+
9.	5	10	7	2	9	8	6	1	11	3	4	0		66+
10.	5	0	11	2	1	10	6	4	9	3	8	7		66+
														=660
	71+	61+	81+	46+	39+	73+	56+	35+	71+	48+	38+	41	=660

Tablica kosztów
 \	15	19	13	18	
20	3	6	8	4	
28	6	1	2	5	
17	7	8	3	9	

Tablica przewozów
Optymalne rozwiązanie
 \	15	19	13	18	
20	11	0	0	9	
28	0	19	0	9	
17	4	0	13	0	
Funkcja oceny: 200
 indexu = 6
Osobnik nr 7
 \	1.	2.	3.	4.	5.	6.	7.	8.	9.	10.	11.	12.	
1.	10	11	8	6	3	4	5	9	0	7	2	1		66+
2.	11	4	5	9	1	7	3	0	10	6	2	8		66+
3.	5	0	11	2	1	10	6	4	9	3	8	7		66+
4.	5	0	11	2	1	10	6	4	9	3	8	7		66+
5.	5	10	7	2	9	8	6	1	11	3	4	0		66+
6.	10	11	8	6	3	4	5	9	0	7	2	1		66+
7.	5	10	7	2	9	8	6	1	11	3	4	0		66+
8.	9	11	5	6	4	7	10	2	1	3	0	8		66+
9.	5	0	11	2	1	10	6	4	9	3	8	7		66+
10.	6	4	8	9	7	5	3	1	11	10	0	2		66+
														=660
	71+	61+	81+	46+	39+	73+	56+	35+	71+	48+	38+	41	=660

Tablica kosztów
 \	15	19	13	18	
20	3	6	8	4	
28	6	1	2	5	
17	7	8	3	9	

Tablica przewozów
Optymalne rozwiązanie
 \	15	19	13	18	
20	11	0	0	9	
28	0	19	0	9	
17	4	0	13	0	
Funkcja oceny: 200
 indexu = 4
Osobnik nr 8
 \	1.	2.	3.	4.	5.	6.	7.	8.	9.	10.	11.	12.	
1.	5	10	7	2	9	8	6	1	11	3	4	0		66+
2.	5	0	11	2	1	10	6	4	9	3	8	7		66+
3.	10	11	8	6	3	4	5	9	0	7	2	1		66+
4.	9	11	5	6	4	7	10	2	1	3	0	8		66+
5.	5	0	11	2	1	10	6	4	9	3	8	7		66+
6.	5	0	11	2	1	10	6	4	9	3	8	7		66+
7.	10	11	8	6	3	4	5	9	0	7	2	1		66+
8.	6	4	8	9	7	5	3	1	11	10	0	2		66+
9.	11	4	5	9	1	7	3	0	10	6	2	8		66+
10.	5	10	7	2	9	8	6	1	11	3	4	0		66+
														=660
	71+	61+	81+	46+	39+	73+	56+	35+	71+	48+	38+	41	=660

Tablica kosztów
 \	15	19	13	18	
20	3	6	8	4	
28	6	1	2	5	
17	7	8	3	9	

Tablica przewozów
Optymalne rozwiązanie
 \	15	19	13	18	
20	11	0	0	9	
28	0	19	0	9	
17	4	0	13	0	
Funkcja oceny: 200
 indexu = 9
Osobnik nr 9
 \	1.	2.	3.	4.	5.	6.	7.	8.	9.	10.	11.	12.	
1.	11	4	5	9	1	7	3	0	10	6	2	8		66+
2.	5	0	11	2	1	10	6	4	9	3	8	7		66+
3.	10	11	8	6	3	4	5	9	0	7	2	1		66+
4.	5	0	11	2	1	10	6	4	9	3	8	7		66+
5.	5	10	7	2	9	8	6	1	11	3	4	0		66+
6.	10	11	8	6	3	4	5	9	0	7	2	1		66+
7.	5	10	7	2	9	8	6	1	11	3	4	0		66+
8.	9	11	5	6	4	7	10	2	1	3	0	8		66+
9.	5	0	11	2	1	10	6	4	9	3	8	7		66+
10.	6	4	8	9	7	5	3	1	11	10	0	2		66+
														=660
	71+	61+	81+	46+	39+	73+	56+	35+	71+	48+	38+	41	=660

Tablica kosztów
 \	15	19	13	18	
20	3	6	8	4	
28	6	1	2	5	
17	7	8	3	9	

Tablica przewozów
Optymalne rozwiązanie
 \	15	19	13	18	
20	11	0	0	9	
28	0	19	0	9	
17	4	0	13	0	
Funkcja oceny: 200
 indexu = 6
Osobnik nr 10
 \	1.	2.	3.	4.	5.	6.	7.	8.	9.	10.	11.	12.	
1.	6	4	8	9	7	5	3	1	11	10	0	2		66+
2.	5	0	11	2	1	10	6	4	9	3	8	7		66+
3.	10	11	8	6	3	4	5	9	0	7	2	1		66+
4.	5	10	7	2	9	8	6	1	11	3	4	0		66+
5.	10	11	8	6	3	4	5	9	0	7	2	1		66+
6.	5	0	11	2	1	10	6	4	9	3	8	7		66+
7.	5	10	7	2	9	8	6	1	11	3	4	0		66+
8.	11	4	5	9	1	7	3	0	10	6	2	8		66+
9.	5	0	11	2	1	10	6	4	9	3	8	7		66+
10.	9	11	5	6	4	7	10	2	1	3	0	8		66+
														=660
	71+	61+	81+	46+	39+	73+	56+	35+	71+	48+	38+	41	=660

Tablica kosztów
 \	15	19	13	18	
20	3	6	8	4	
28	6	1	2	5	
17	7	8	3	9	

Tablica przewozów
Optymalne rozwiązanie
 \	15	19	13	18	
20	11	0	0	9	
28	0	19	0	9	
17	4	0	13	0	
Funkcja oceny: 200
 indexu = 6
Osobnik nr 11
 \	1.	2.	3.	4.	5.	6.	7.	8.	9.	10.	11.	12.	
1.	5	10	7	2	9	8	6	1	11	3	4	0		66+
2.	9	11	5	6	4	7	10	2	1	3	0	8		66+
3.	10	11	8	6	3	4	5	9	0	7	2	1		66+
4.	10	11	8	6	3	4	5	9	0	7	2	1		66+
5.	5	0	11	2	1	10	6	4	9	3	8	7		66+
6.	11	4	5	9	1	7	3	0	10	6	2	8		66+
7.	5	0	11	2	1	10	6	4	9	3	8	7		66+
8.	5	10	7	2	9	8	6	1	11	3	4	0		66+
9.	6	4	8	9	7	5	3	1	11	10	0	2		66+
10.	5	0	11	2	1	10	6	4	9	3	8	7		66+
														=660
	71+	61+	81+	46+	39+	73+	56+	35+	71+	48+	38+	41	=660

Tablica kosztów
 \	15	19	13	18	
20	3	6	8	4	
28	6	1	2	5	
17	7	8	3	9	

Tablica przewozów
Optymalne rozwiązanie
 \	15	19	13	18	
20	11	0	0	9	
28	0	19	0	9	
17	4	0	13	0	
Funkcja oceny: 200
 indexu = 0
Osobnik nr 12
 \	1.	2.	3.	4.	5.	6.	7.	8.	9.	10.	11.	12.	
1.	10	11	8	6	3	4	5	9	0	7	2	1		66+
2.	5	0	11	2	1	10	6	4	9	3	8	7		66+
3.	9	11	5	6	4	7	10	2	1	3	0	8		66+
4.	5	10	7	2	9	8	6	1	11	3	4	0		66+
5.	5	0	11	2	1	10	6	4	9	3	8	7		66+
6.	5	0	11	2	1	10	6	4	9	3	8	7		66+
7.	10	11	8	6	3	4	5	9	0	7	2	1		66+
8.	6	4	8	9	7	5	3	1	11	10	0	2		66+
9.	5	10	7	2	9	8	6	1	11	3	4	0		66+
10.	11	4	5	9	1	7	3	0	10	6	2	8		66+
														=660
	71+	61+	81+	46+	39+	73+	56+	35+	71+	48+	38+	41	=660

Tablica kosztów
 \	15	19	13	18	
20	3	6	8	4	
28	6	1	2	5	
17	7	8	3	9	

Tablica przewozów
Optymalne rozwiązanie
 \	15	19	13	18	
20	11	0	0	9	
28	0	19	0	9	
17	4	0	13	0	
Funkcja oceny: 200
 indexu = 8
Osobnik nr 13
 \	1.	2.	3.	4.	5.	6.	7.	8.	9.	10.	11.	12.	
1.	10	11	8	6	3	4	5	9	0	7	2	1		66+
2.	6	4	8	9	7	5	3	1	11	10	0	2		66+
3.	5	10	7	2	9	8	6	1	11	3	4	0		66+
4.	5	0	11	2	1	10	6	4	9	3	8	7		66+
5.	5	0	11	2	1	10	6	4	9	3	8	7		66+
6.	11	4	5	9	1	7	3	0	10	6	2	8		66+
7.	5	0	11	2	1	10	6	4	9	3	8	7		66+
8.	5	10	7	2	9	8	6	1	11	3	4	0		66+
9.	9	11	5	6	4	7	10	2	1	3	0	8		66+
10.	10	11	8	6	3	4	5	9	0	7	2	1		66+
														=660
	71+	61+	81+	46+	39+	73+	56+	35+	71+	48+	38+	41	=660

Tablica kosztów
 \	15	19	13	18	
20	3	6	8	4	
28	6	1	2	5	
17	7	8	3	9	

Tablica przewozów
Optymalne rozwiązanie
 \	15	19	13	18	
20	11	0	0	9	
28	0	19	0	9	
17	4	0	13	0	
Funkcja oceny: 200
 indexu = 2
Osobnik nr 14
 \	1.	2.	3.	4.	5.	6.	7.	8.	9.	10.	11.	12.	
1.	6	4	8	9	7	5	3	1	11	10	0	2		66+
2.	5	0	11	2	1	10	6	4	9	3	8	7		66+
3.	11	4	5	9	1	7	3	0	10	6	2	8		66+
4.	5	10	7	2	9	8	6	1	11	3	4	0		66+
5.	5	10	7	2	9	8	6	1	11	3	4	0		66+
6.	5	0	11	2	1	10	6	4	9	3	8	7		66+
7.	9	11	5	6	4	7	10	2	1	3	0	8		66+
8.	10	11	8	6	3	4	5	9	0	7	2	1		66+
9.	5	0	11	2	1	10	6	4	9	3	8	7		66+
10.	10	11	8	6	3	4	5	9	0	7	2	1		66+
														=660
	71+	61+	81+	46+	39+	73+	56+	35+	71+	48+	38+	41	=660

Tablica kosztów
 \	15	19	13	18	
20	3	6	8	4	
28	6	1	2	5	
17	7	8	3	9	

Tablica przewozów
Optymalne rozwiązanie
 \	15	19	13	18	
20	11	0	0	9	
28	0	19	0	9	
17	4	0	13	0	
Funkcja oceny: 200
 indexu = 3
Osobnik nr 15
 \	1.	2.	3.	4.	5.	6.	7.	8.	9.	10.	11.	12.	
1.	11	4	5	9	1	7	3	0	10	6	2	8		66+
2.	10	11	8	6	3	4	5	9	0	7	2	1		66+
3.	6	4	8	9	7	5	3	1	11	10	0	2		66+
4.	5	10	7	2	9	8	6	1	11	3	4	0		66+
5.	5	0	11	2	1	10	6	4	9	3	8	7		66+
6.	10	11	8	6	3	4	5	9	0	7	2	1		66+
7.	9	11	5	6	4	7	10	2	1	3	0	8		66+
8.	5	0	11	2	1	10	6	4	9	3	8	7		66+
9.	5	0	11	2	1	10	6	4	9	3	8	7		66+
10.	5	10	7	2	9	8	6	1	11	3	4	0		66+
														=660
	71+	61+	81+	46+	39+	73+	56+	35+	71+	48+	38+	41	=660

Tablica kosztów
 \	15	19	13	18	
20	3	6	8	4	
28	6	1	2	5	
17	7	8	3	9	

Tablica przewozów
Optymalne rozwiązanie
 \	15	19	13	18	
20	11	0	0	9	
28	0	19	0	9	
17	4	0	13	0	
Funkcja oceny: 200
 indexu = 9
Osobnik nr 16
 \	1.	2.	3.	4.	5.	6.	7.	8.	9.	10.	11.	12.	
1.	10	11	8	6	3	4	5	9	0	7	2	1		66+
2.	11	4	5	9	1	7	3	0	10	6	2	8		66+
3.	5	10	7	2	9	8	6	1	11	3	4	0		66+
4.	6	4	8	9	7	5	3	1	11	10	0	2		66+
5.	5	0	11	2	1	10	6	4	9	3	8	7		66+
6.	5	0	11	2	1	10	6	4	9	3	8	7		66+
7.	5	0	11	2	1	10	6	4	9	3	8	7		66+
8.	9	11	5	6	4	7	10	2	1	3	0	8		66+
9.	5	10	7	2	9	8	6	1	11	3	4	0		66+
10.	10	11	8	6	3	4	5	9	0	7	2	1		66+
														=660
	71+	61+	81+	46+	39+	73+	56+	35+	71+	48+	38+	41	=660

Tablica kosztów
 \	15	19	13	18	
20	3	6	8	4	
28	6	1	2	5	
17	7	8	3	9	

Tablica przewozów
Optymalne rozwiązanie
 \	15	19	13	18	
20	11	0	0	9	
28	0	19	0	9	
17	4	0	13	0	
Funkcja oceny: 200
 indexu = 2
Osobnik nr 17
 \	1.	2.	3.	4.	5.	6.	7.	8.	9.	10.	11.	12.	
1.	5	0	11	2	1	10	6	4	9	3	8	7		66+
2.	5	0	11	2	1	10	6	4	9	3	8	7		66+
3.	9	11	5	6	4	7	10	2	1	3	0	8		66+
4.	11	4	5	9	1	7	3	0	10	6	2	8		66+
5.	5	10	7	2	9	8	6	1	11	3	4	0		66+
6.	6	4	8	9	7	5	3	1	11	10	0	2		66+
7.	5	0	11	2	1	10	6	4	9	3	8	7		66+
8.	5	10	7	2	9	8	6	1	11	3	4	0		66+
9.	10	11	8	6	3	4	5	9	0	7	2	1		66+
10.	10	11	8	6	3	4	5	9	0	7	2	1		66+
														=660
	71+	61+	81+	46+	39+	73+	56+	35+	71+	48+	38+	41	=660

Tablica kosztów
 \	15	19	13	18	
20	3	6	8	4	
28	6	1	2	5	
17	7	8	3	9	

Tablica przewozów
Optymalne rozwiązanie
 \	15	19	13	18	
20	11	0	0	9	
28	0	19	0	9	
17	4	0	13	0	
Funkcja oceny: 200
 indexu = 7
Osobnik nr 18
 \	1.	2.	3.	4.	5.	6.	7.	8.	9.	10.	11.	12.	
1.	9	11	5	6	4	7	10	2	1	3	0	8		66+
2.	5	0	11	2	1	10	6	4	9	3	8	7		66+
3.	10	11	8	6	3	4	5	9	0	7	2	1		66+
4.	6	4	8	9	7	5	3	1	11	10	0	2		66+
5.	5	10	7	2	9	8	6	1	11	3	4	0		66+
6.	5	0	11	2	1	10	6	4	9	3	8	7		66+
7.	5	10	7	2	9	8	6	1	11	3	4	0		66+
8.	5	0	11	2	1	10	6	4	9	3	8	7		66+
9.	10	11	8	6	3	4	5	9	0	7	2	1		66+
10.	11	4	5	9	1	7	3	0	10	6	2	8		66+
														=660
	71+	61+	81+	46+	39+	73+	56+	35+	71+	48+	38+	41	=660

Tablica kosztów
 \	15	19	13	18	
20	3	6	8	4	
28	6	1	2	5	
17	7	8	3	9	

Tablica przewozów
Optymalne rozwiązanie
 \	15	19	13	18	
20	11	0	0	9	
28	0	19	0	9	
17	4	0	13	0	
Funkcja oceny: 200
 indexu = 4
Osobnik nr 19
 \	1.	2.	3.	4.	5.	6.	7.	8.	9.	10.	11.	12.	
1.	9	11	5	6	4	7	10	2	1	3	0	8		66+
2.	5	10	7	2	9	8	6	1	11	3	4	0		66+
3.	5	0	11	2	1	10	6	4	9	3	8	7		66+
4.	11	4	5	9	1	7	3	0	10	6	2	8		66+
5.	5	10	7	2	9	8	6	1	11	3	4	0		66+
6.	5	0	11	2	1	10	6	4	9	3	8	7		66+
7.	6	4	8	9	7	5	3	1	11	10	0	2		66+
8.	5	0	11	2	1	10	6	4	9	3	8	7		66+
9.	10	11	8	6	3	4	5	9	0	7	2	1		66+
10.	10	11	8	6	3	4	5	9	0	7	2	1		66+
														=660
	71+	61+	81+	46+	39+	73+	56+	35+	71+	48+	38+	41	=660

Tablica kosztów
 \	15	19	13	18	
20	3	6	8	4	
28	6	1	2	5	
17	7	8	3	9	

Tablica przewozów
Optymalne rozwiązanie
 \	15	19	13	18	
20	11	0	0	9	
28	0	19	0	9	
17	4	0	13	0	
Funkcja oceny: 200
 indexu = 4
Osobnik nr 20
 \	1.	2.	3.	4.	5.	6.	7.	8.	9.	10.	11.	12.	
1.	5	0	11	2	1	10	6	4	9	3	8	7		66+
2.	10	11	8	6	3	4	5	9	0	7	2	1		66+
3.	5	0	11	2	1	10	6	4	9	3	8	7		66+
4.	6	4	8	9	7	5	3	1	11	10	0	2		66+
5.	10	11	8	6	3	4	5	9	0	7	2	1		66+
6.	5	0	11	2	1	10	6	4	9	3	8	7		66+
7.	9	11	5	6	4	7	10	2	1	3	0	8		66+
8.	5	10	7	2	9	8	6	1	11	3	4	0		66+
9.	5	10	7	2	9	8	6	1	11	3	4	0		66+
10.	11	4	5	9	1	7	3	0	10	6	2	8		66+
														=660
	71+	61+	81+	46+	39+	73+	56+	35+	71+	48+	38+	41	=660

Tablica kosztów
 \	15	19	13	18	
20	3	6	8	4	
28	6	1	2	5	
17	7	8	3	9	

Tablica przewozów
Optymalne rozwiązanie
 \	15	19	13	18	
20	11	0	0	9	
28	0	19	0	9	
17	4	0	13	0	
Funkcja oceny: 200
 indexu = 7
Osobnik nr 21
 \	1.	2.	3.	4.	5.	6.	7.	8.	9.	10.	11.	12.	
1.	5	10	7	2	9	8	6	1	11	3	4	0		66+
2.	10	11	8	6	3	4	5	9	0	7	2	1		66+
3.	5	0	11	2	1	10	6	4	9	3	8	7		66+
4.	9	11	5	6	4	7	10	2	1	3	0	8		66+
5.	5	10	7	2	9	8	6	1	11	3	4	0		66+
6.	6	4	8	9	7	5	3	1	11	10	0	2		66+
7.	5	0	11	2	1	10	6	4	9	3	8	7		66+
8.	5	0	11	2	1	10	6	4	9	3	8	7		66+
9.	11	4	5	9	1	7	3	0	10	6	2	8		66+
10.	10	11	8	6	3	4	5	9	0	7	2	1		66+
														=660
	71+	61+	81+	46+	39+	73+	56+	35+	71+	48+	38+	41	=660

Tablica kosztów
 \	15	19	13	18	
20	3	6	8	4	
28	6	1	2	5	
17	7	8	3	9	

Tablica przewozów
Optymalne rozwiązanie
 \	15	19	13	18	
20	11	0	0	9	
28	0	19	0	9	
17	4	0	13	0	
Funkcja oceny: 200
 indexu = 4
Osobnik nr 22
 \	1.	2.	3.	4.	5.	6.	7.	8.	9.	10.	11.	12.	
1.	5	0	11	2	1	10	6	4	9	3	8	7		66+
2.	10	11	8	6	3	4	5	9	0	7	2	1		66+
3.	5	10	7	2	9	8	6	1	11	3	4	0		66+
4.	5	0	11	2	1	10	6	4	9	3	8	7		66+
5.	5	0	11	2	1	10	6	4	9	3	8	7		66+
6.	11	4	5	9	1	7	3	0	10	6	2	8		66+
7.	5	10	7	2	9	8	6	1	11	3	4	0		66+
8.	10	11	8	6	3	4	5	9	0	7	2	1		66+
9.	9	11	5	6	4	7	10	2	1	3	0	8		66+
10.	6	4	8	9	7	5	3	1	11	10	0	2		66+
														=660
	71+	61+	81+	46+	39+	73+	56+	35+	71+	48+	38+	41	=660

Tablica kosztów
 \	15	19	13	18	
20	3	6	8	4	
28	6	1	2	5	
17	7	8	3	9	

Tablica przewozów
Optymalne rozwiązanie
 \	15	19	13	18	
20	11	0	0	9	
28	0	19	0	9	
17	4	0	13	0	
Funkcja oceny: 200
 indexu = 2
Osobnik nr 23
 \	1.	2.	3.	4.	5.	6.	7.	8.	9.	10.	11.	12.	
1.	10	11	8	6	3	4	5	9	0	7	2	1		66+
2.	5	10	7	2	9	8	6	1	11	3	4	0		66+
3.	5	0	11	2	1	10	6	4	9	3	8	7		66+
4.	5	10	7	2	9	8	6	1	11	3	4	0		66+
5.	6	4	8	9	7	5	3	1	11	10	0	2		66+
6.	9	11	5	6	4	7	10	2	1	3	0	8		66+
7.	11	4	5	9	1	7	3	0	10	6	2	8		66+
8.	5	0	11	2	1	10	6	4	9	3	8	7		66+
9.	10	11	8	6	3	4	5	9	0	7	2	1		66+
10.	5	0	11	2	1	10	6	4	9	3	8	7		66+
														=660
	71+	61+	81+	46+	39+	73+	56+	35+	71+	48+	38+	41	=660

Tablica kosztów
 \	15	19	13	18	
20	3	6	8	4	
28	6	1	2	5	
17	7	8	3	9	

Tablica przewozów
Optymalne rozwiązanie
 \	15	19	13	18	
20	11	0	0	9	
28	0	19	0	9	
17	4	0	13	0	
Funkcja oceny: 200
 indexu = 1
Osobnik nr 24
 \	1.	2.	3.	4.	5.	6.	7.	8.	9.	10.	11.	12.	
1.	5	0	11	2	1	10	6	4	9	3	8	7		66+
2.	5	0	11	2	1	10	6	4	9	3	8	7		66+
3.	5	10	7	2	9	8	6	1	11	3	4	0		66+
4.	5	0	11	2	1	10	6	4	9	3	8	7		66+
5.	5	10	7	2	9	8	6	1	11	3	4	0		66+
6.	10	11	8	6	3	4	5	9	0	7	2	1		66+
7.	9	11	5	6	4	7	10	2	1	3	0	8		66+
8.	6	4	8	9	7	5	3	1	11	10	0	2		66+
9.	11	4	5	9	1	7	3	0	10	6	2	8		66+
10.	10	11	8	6	3	4	5	9	0	7	2	1		66+
														=660
	71+	61+	81+	46+	39+	73+	56+	35+	71+	48+	38+	41	=660

Tablica kosztów
 \	15	19	13	18	
20	3	6	8	4	
28	6	1	2	5	
17	7	8	3	9	

Tablica przewozów
Optymalne rozwiązanie
 \	15	19	13	18	
20	11	0	0	9	
28	0	19	0	9	
17	4	0	13	0	
Funkcja oceny: 200
 indexu = 2
Osobnik nr 25
 \	1.	2.	3.	4.	5.	6.	7.	8.	9.	10.	11.	12.	
1.	5	0	11	2	1	10	6	4	9	3	8	7		66+
2.	5	0	11	2	1	10	6	4	9	3	8	7		66+
3.	5	10	7	2	9	8	6	1	11	3	4	0		66+
4.	5	0	11	2	1	10	6	4	9	3	8	7		66+
5.	11	4	5	9	1	7	3	0	10	6	2	8		66+
6.	9	11	5	6	4	7	10	2	1	3	0	8		66+
7.	6	4	8	9	7	5	3	1	11	10	0	2		66+
8.	5	10	7	2	9	8	6	1	11	3	4	0		66+
9.	10	11	8	6	3	4	5	9	0	7	2	1		66+
10.	10	11	8	6	3	4	5	9	0	7	2	1		66+
														=660
	71+	61+	81+	46+	39+	73+	56+	35+	71+	48+	38+	41	=660

Tablica kosztów
 \	15	19	13	18	
20	3	6	8	4	
28	6	1	2	5	
17	7	8	3	9	

Tablica przewozów
Optymalne rozwiązanie
 \	15	19	13	18	
20	11	0	0	9	
28	0	19	0	9	
17	4	0	13	0	
Funkcja oceny: 200
 indexu = 2
Osobnik nr 26
 \	1.	2.	3.	4.	5.	6.	7.	8.	9.	10.	11.	12.	
1.	10	11	8	6	3	4	5	9	0	7	2	1		66+
2.	5	10	7	2	9	8	6	1	11	3	4	0		66+
3.	5	0	11	2	1	10	6	4	9	3	8	7		66+
4.	5	0	11	2	1	10	6	4	9	3	8	7		66+
5.	6	4	8	9	7	5	3	1	11	10	0	2		66+
6.	5	10	7	2	9	8	6	1	11	3	4	0		66+
7.	9	11	5	6	4	7	10	2	1	3	0	8		66+
8.	5	0	11	2	1	10	6	4	9	3	8	7		66+
9.	11	4	5	9	1	7	3	0	10	6	2	8		66+
10.	10	11	8	6	3	4	5	9	0	7	2	1		66+
														=660
	71+	61+	81+	46+	39+	73+	56+	35+	71+	48+	38+	41	=660

Tablica kosztów
 \	15	19	13	18	
20	3	6	8	4	
28	6	1	2	5	
17	7	8	3	9	

Tablica przewozów
Optymalne rozwiązanie
 \	15	19	13	18	
20	11	0	0	9	
28	0	19	0	9	
17	4	0	13	0	
Funkcja oceny: 200
 indexu = 5
Osobnik nr 27
 \	1.	2.	3.	4.	5.	6.	7.	8.	9.	10.	11.	12.	
1.	5	0	11	2	1	10	6	4	9	3	8	7		66+
2.	5	0	11	2	1	10	6	4	9	3	8	7		66+
3.	5	10	7	2	9	8	6	1	11	3	4	0		66+
4.	11	4	5	9	1	7	3	0	10	6	2	8		66+
5.	5	10	7	2	9	8	6	1	11	3	4	0		66+
6.	9	11	5	6	4	7	10	2	1	3	0	8		66+
7.	6	4	8	9	7	5	3	1	11	10	0	2		66+
8.	10	11	8	6	3	4	5	9	0	7	2	1		66+
9.	5	0	11	2	1	10	6	4	9	3	8	7		66+
10.	10	11	8	6	3	4	5	9	0	7	2	1		66+
														=660
	71+	61+	81+	46+	39+	73+	56+	35+	71+	48+	38+	41	=660

Tablica kosztów
 \	15	19	13	18	
20	3	6	8	4	
28	6	1	2	5	
17	7	8	3	9	

Tablica przewozów
Optymalne rozwiązanie
 \	15	19	13	18	
20	11	0	0	9	
28	0	19	0	9	
17	4	0	13	0	
Funkcja oceny: 200
 indexu = 2
Osobnik nr 28
 \	1.	2.	3.	4.	5.	6.	7.	8.	9.	10.	11.	12.	
1.	6	4	8	9	7	5	3	1	11	10	0	2		66+
2.	5	10	7	2	9	8	6	1	11	3	4	0		66+
3.	9	11	5	6	4	7	10	2	1	3	0	8		66+
4.	5	0	11	2	1	10	6	4	9	3	8	7		66+
5.	5	10	7	2	9	8	6	1	11	3	4	0		66+
6.	5	0	11	2	1	10	6	4	9	3	8	7		66+
7.	10	11	8	6	3	4	5	9	0	7	2	1		66+
8.	10	11	8	6	3	4	5	9	0	7	2	1		66+
9.	11	4	5	9	1	7	3	0	10	6	2	8		66+
10.	5	0	11	2	1	10	6	4	9	3	8	7		66+
														=660
	71+	61+	81+	46+	39+	73+	56+	35+	71+	48+	38+	41	=660

Tablica kosztów
 \	15	19	13	18	
20	3	6	8	4	
28	6	1	2	5	
17	7	8	3	9	

Tablica przewozów
Optymalne rozwiązanie
 \	15	19	13	18	
20	11	0	0	9	
28	0	19	0	9	
17	4	0	13	0	
Funkcja oceny: 200
 indexu = 1
Osobnik nr 29
 \	1.	2.	3.	4.	5.	6.	7.	8.	9.	10.	11.	12.	
1.	5	10	7	2	9	8	6	1	11	3	4	0		66+
2.	6	4	8	9	7	5	3	1	11	10	0	2		66+
3.	11	4	5	9	1	7	3	0	10	6	2	8		66+
4.	10	11	8	6	3	4	5	9	0	7	2	1		66+
5.	5	0	11	2	1	10	6	4	9	3	8	7		66+
6.	10	11	8	6	3	4	5	9	0	7	2	1		66+
7.	5	10	7	2	9	8	6	1	11	3	4	0		66+
8.	9	11	5	6	4	7	10	2	1	3	0	8		66+
9.	5	0	11	2	1	10	6	4	9	3	8	7		66+
10.	5	0	11	2	1	10	6	4	9	3	8	7		66+
														=660
	71+	61+	81+	46+	39+	73+	56+	35+	71+	48+	38+	41	=660

Tablica kosztów
 \	15	19	13	18	
20	3	6	8	4	
28	6	1	2	5	
17	7	8	3	9	

Tablica przewozów
Optymalne rozwiązanie
 \	15	19	13	18	
20	11	0	0	9	
28	0	19	0	9	
17	4	0	13	0	
Funkcja oceny: 200
 indexu = 6
Osobnik nr 30
 \	1.	2.	3.	4.	5.	6.	7.	8.	9.	10.	11.	12.	
1.	6	4	8	9	7	5	3	1	11	10	0	2		66+
2.	5	0	11	2	1	10	6	4	9	3	8	7		66+
3.	5	0	11	2	1	10	6	4	9	3	8	7		66+
4.	10	11	8	6	3	4	5	9	0	7	2	1		66+
5.	9	11	5	6	4	7	10	2	1	3	0	8		66+
6.	11	4	5	9	1	7	3	0	10	6	2	8		66+
7.	5	10	7	2	9	8	6	1	11	3	4	0		66+
8.	5	10	7	2	9	8	6	1	11	3	4	0		66+
9.	5	0	11	2	1	10	6	4	9	3	8	7		66+
10.	10	11	8	6	3	4	5	9	0	7	2	1		66+
														=660
	71+	61+	81+	46+	39+	73+	56+	35+	71+	48+	38+	41	=660

Tablica kosztów
 \	15	19	13	18	
20	3	6	8	4	
28	6	1	2	5	
17	7	8	3	9	

Tablica przewozów
Optymalne rozwiązanie
 \	15	19	13	18	
20	11	0	0	9	
28	0	19	0	9	
17	4	0	13	0	
Funkcja oceny: 200
 indexu = 6
Osobnik nr 31
 \	1.	2.	3.	4.	5.	6.	7.	8.	9.	10.	11.	12.	
1.	5	10	7	2	9	8	6	1	11	3	4	0		66+
2.	5	0	11	2	1	10	6	4	9	3	8	7		66+
3.	10	11	8	6	3	4	5	9	0	7	2	1		66+
4.	5	0	11	2	1	10	6	4	9	3	8	7		66+
5.	5	10	7	2	9	8	6	1	11	3	4	0		66+
6.	5	0	11	2	1	10	6	4	9	3	8	7		66+
7.	9	11	5	6	4	7	10	2	1	3	0	8		66+
8.	11	4	5	9	1	7	3	0	10	6	2	8		66+
9.	6	4	8	9	7	5	3	1	11	10	0	2		66+
10.	10	11	8	6	3	4	5	9	0	7	2	1		66+
														=660
	71+	61+	81+	46+	39+	73+	56+	35+	71+	48+	38+	41	=660

Tablica kosztów
 \	15	19	13	18	
20	3	6	8	4	
28	6	1	2	5	
17	7	8	3	9	

Tablica przewozów
Optymalne rozwiązanie
 \	15	19	13	18	
20	11	0	0	9	
28	0	19	0	9	
17	4	0	13	0	
Funkcja oceny: 200
 indexu = 0
Osobnik nr 32
 \	1.	2.	3.	4.	5.	6.	7.	8.	9.	10.	11.	12.	
1.	5	0	11	2	1	10	6	4	9	3	8	7		66+
2.	6	4	8	9	7	5	3	1	11	10	0	2		66+
3.	5	10	7	2	9	8	6	1	11	3	4	0		66+
4.	5	0	11	2	1	10	6	4	9	3	8	7		66+
5.	10	11	8	6	3	4	5	9	0	7	2	1		66+
6.	11	4	5	9	1	7	3	0	10	6	2	8		66+
7.	9	11	5	6	4	7	10	2	1	3	0	8		66+
8.	5	10	7	2	9	8	6	1	11	3	4	0		66+
9.	5	0	11	2	1	10	6	4	9	3	8	7		66+
10.	10	11	8	6	3	4	5	9	0	7	2	1		66+
														=660
	71+	61+	81+	46+	39+	73+	56+	35+	71+	48+	38+	41	=660

Tablica kosztów
 \	15	19	13	18	
20	3	6	8	4	
28	6	1	2	5	
17	7	8	3	9	

Tablica przewozów
Optymalne rozwiązanie
 \	15	19	13	18	
20	11	0	0	9	
28	0	19	0	9	
17	4	0	13	0	
Funkcja oceny: 200
 indexu = 7
Osobnik nr 33
 \	1.	2.	3.	4.	5.	6.	7.	8.	9.	10.	11.	12.	
1.	5	10	7	2	9	8	6	1	11	3	4	0		66+
2.	10	11	8	6	3	4	5	9	0	7	2	1		66+
3.	9	11	5	6	4	7	10	2	1	3	0	8		66+
4.	5	0	11	2	1	10	6	4	9	3	8	7		66+
5.	6	4	8	9	7	5	3	1	11	10	0	2		66+
6.	5	10	7	2	9	8	6	1	11	3	4	0		66+
7.	5	0	11	2	1	10	6	4	9	3	8	7		66+
8.	5	0	11	2	1	10	6	4	9	3	8	7		66+
9.	11	4	5	9	1	7	3	0	10	6	2	8		66+
10.	10	11	8	6	3	4	5	9	0	7	2	1		66+
														=660
	71+	61+	81+	46+	39+	73+	56+	35+	71+	48+	38+	41	=660

Tablica kosztów
 \	15	19	13	18	
20	3	6	8	4	
28	6	1	2	5	
17	7	8	3	9	

Tablica przewozów
Optymalne rozwiązanie
 \	15	19	13	18	
20	11	0	0	9	
28	0	19	0	9	
17	4	0	13	0	
Funkcja oceny: 200
 indexu = 5
Osobnik nr 34
 \	1.	2.	3.	4.	5.	6.	7.	8.	9.	10.	11.	12.	
1.	10	11	8	6	3	4	5	9	0	7	2	1		66+
2.	5	0	11	2	1	10	6	4	9	3	8	7		66+
3.	9	11	5	6	4	7	10	2	1	3	0	8		66+
4.	5	0	11	2	1	10	6	4	9	3	8	7		66+
5.	6	4	8	9	7	5	3	1	11	10	0	2		66+
6.	5	0	11	2	1	10	6	4	9	3	8	7		66+
7.	11	4	5	9	1	7	3	0	10	6	2	8		66+
8.	5	10	7	2	9	8	6	1	11	3	4	0		66+
9.	10	11	8	6	3	4	5	9	0	7	2	1		66+
10.	5	10	7	2	9	8	6	1	11	3	4	0		66+
														=660
	71+	61+	81+	46+	39+	73+	56+	35+	71+	48+	38+	41	=660

Tablica kosztów
 \	15	19	13	18	
20	3	6	8	4	
28	6	1	2	5	
17	7	8	3	9	

Tablica przewozów
Optymalne rozwiązanie
 \	15	19	13	18	
20	11	0	0	9	
28	0	19	0	9	
17	4	0	13	0	
Funkcja oceny: 200
 indexu = 7
Osobnik nr 35
 \	1.	2.	3.	4.	5.	6.	7.	8.	9.	10.	11.	12.	
1.	5	10	7	2	9	8	6	1	11	3	4	0		66+
2.	6	4	8	9	7	5	3	1	11	10	0	2		66+
3.	5	0	11	2	1	10	6	4	9	3	8	7		66+
4.	10	11	8	6	3	4	5	9	0	7	2	1		66+
5.	5	10	7	2	9	8	6	1	11	3	4	0		66+
6.	5	0	11	2	1	10	6	4	9	3	8	7		66+
7.	9	11	5	6	4	7	10	2	1	3	0	8		66+
8.	5	0	11	2	1	10	6	4	9	3	8	7		66+
9.	10	11	8	6	3	4	5	9	0	7	2	1		66+
10.	11	4	5	9	1	7	3	0	10	6	2	8		66+
														=660
	71+	61+	81+	46+	39+	73+	56+	35+	71+	48+	38+	41	=660

Tablica kosztów
 \	15	19	13	18	
20	3	6	8	4	
28	6	1	2	5	
17	7	8	3	9	

Tablica przewozów
Optymalne rozwiązanie
 \	15	19	13	18	
20	11	0	0	9	
28	0	19	0	9	
17	4	0	13	0	
Funkcja oceny: 200
 indexu = 4
Osobnik nr 36
 \	1.	2.	3.	4.	5.	6.	7.	8.	9.	10.	11.	12.	
1.	5	0	11	2	1	10	6	4	9	3	8	7		66+
2.	5	0	11	2	1	10	6	4	9	3	8	7		66+
3.	5	10	7	2	9	8	6	1	11	3	4	0		66+
4.	5	10	7	2	9	8	6	1	11	3	4	0		66+
5.	10	11	8	6	3	4	5	9	0	7	2	1		66+
6.	9	11	5	6	4	7	10	2	1	3	0	8		66+
7.	5	0	11	2	1	10	6	4	9	3	8	7		66+
8.	11	4	5	9	1	7	3	0	10	6	2	8		66+
9.	10	11	8	6	3	4	5	9	0	7	2	1		66+
10.	6	4	8	9	7	5	3	1	11	10	0	2		66+
														=660
	71+	61+	81+	46+	39+	73+	56+	35+	71+	48+	38+	41	=660

Tablica kosztów
 \	15	19	13	18	
20	3	6	8	4	
28	6	1	2	5	
17	7	8	3	9	

Tablica przewozów
Optymalne rozwiązanie
 \	15	19	13	18	
20	11	0	0	9	
28	0	19	0	9	
17	4	0	13	0	
Funkcja oceny: 200
 indexu = 2
Osobnik nr 37
 \	1.	2.	3.	4.	5.	6.	7.	8.	9.	10.	11.	12.	
1.	10	11	8	6	3	4	5	9	0	7	2	1		66+
2.	5	0	11	2	1	10	6	4	9	3	8	7		66+
3.	11	4	5	9	1	7	3	0	10	6	2	8		66+
4.	5	0	11	2	1	10	6	4	9	3	8	7		66+
5.	10	11	8	6	3	4	5	9	0	7	2	1		66+
6.	9	11	5	6	4	7	10	2	1	3	0	8		66+
7.	5	10	7	2	9	8	6	1	11	3	4	0		66+
8.	6	4	8	9	7	5	3	1	11	10	0	2		66+
9.	5	10	7	2	9	8	6	1	11	3	4	0		66+
10.	5	0	11	2	1	10	6	4	9	3	8	7		66+
														=660
	71+	61+	81+	46+	39+	73+	56+	35+	71+	48+	38+	41	=660

Tablica kosztów
 \	15	19	13	18	
20	3	6	8	4	
28	6	1	2	5	
17	7	8	3	9	

Tablica przewozów
Optymalne rozwiązanie
 \	15	19	13	18	
20	11	0	0	9	
28	0	19	0	9	
17	4	0	13	0	
Funkcja oceny: 200
 indexu = 6
Osobnik nr 38
 \	1.	2.	3.	4.	5.	6.	7.	8.	9.	10.	11.	12.	
1.	5	0	11	2	1	10	6	4	9	3	8	7		66+
2.	11	4	5	9	1	7	3	0	10	6	2	8		66+
3.	5	0	11	2	1	10	6	4	9	3	8	7		66+
4.	5	10	7	2	9	8	6	1	11	3	4	0		66+
5.	5	0	11	2	1	10	6	4	9	3	8	7		66+
6.	10	11	8	6	3	4	5	9	0	7	2	1		66+
7.	6	4	8	9	7	5	3	1	11	10	0	2		66+
8.	5	10	7	2	9	8	6	1	11	3	4	0		66+
9.	9	11	5	6	4	7	10	2	1	3	0	8		66+
10.	10	11	8	6	3	4	5	9	0	7	2	1		66+
														=660
	71+	61+	81+	46+	39+	73+	56+	35+	71+	48+	38+	41	=660

Tablica kosztów
 \	15	19	13	18	
20	3	6	8	4	
28	6	1	2	5	
17	7	8	3	9	

Tablica przewozów
Optymalne rozwiązanie
 \	15	19	13	18	
20	11	0	0	9	
28	0	19	0	9	
17	4	0	13	0	
Funkcja oceny: 200
 indexu = 7
Osobnik nr 39
 \	1.	2.	3.	4.	5.	6.	7.	8.	9.	10.	11.	12.	
1.	5	0	11	2	1	10	6	4	9	3	8	7		66+
2.	10	11	8	6	3	4	5	9	0	7	2	1		66+
3.	9	11	5	6	4	7	10	2	1	3	0	8		66+
4.	11	4	5	9	1	7	3	0	10	6	2	8		66+
5.	5	10	7	2	9	8	6	1	11	3	4	0		66+
6.	6	4	8	9	7	5	3	1	11	10	0	2		66+
7.	10	11	8	6	3	4	5	9	0	7	2	1		66+
8.	5	10	7	2	9	8	6	1	11	3	4	0		66+
9.	5	0	11	2	1	10	6	4	9	3	8	7		66+
10.	5	0	11	2	1	10	6	4	9	3	8	7		66+
														=660
	71+	61+	81+	46+	39+	73+	56+	35+	71+	48+	38+	41	=660

Tablica kosztów
 \	15	19	13	18	
20	3	6	8	4	
28	6	1	2	5	
17	7	8	3	9	

Tablica przewozów
Optymalne rozwiązanie
 \	15	19	13	18	
20	11	0	0	9	
28	0	19	0	9	
17	4	0	13	0	
Funkcja oceny: 200
 indexu = 7
Osobnik nr 40
 \	1.	2.	3.	4.	5.	6.	7.	8.	9.	10.	11.	12.	
1.	10	11	8	6	3	4	5	9	0	7	2	1		66+
2.	5	0	11	2	1	10	6	4	9	3	8	7		66+
3.	5	10	7	2	9	8	6	1	11	3	4	0		66+
4.	11	4	5	9	1	7	3	0	10	6	2	8		66+
5.	5	0	11	2	1	10	6	4	9	3	8	7		66+
6.	10	11	8	6	3	4	5	9	0	7	2	1		66+
7.	5	10	7	2	9	8	6	1	11	3	4	0		66+
8.	6	4	8	9	7	5	3	1	11	10	0	2		66+
9.	9	11	5	6	4	7	10	2	1	3	0	8		66+
10.	5	0	11	2	1	10	6	4	9	3	8	7		66+
														=660
	71+	61+	81+	46+	39+	73+	56+	35+	71+	48+	38+	41	=660

Tablica kosztów
 \	15	19	13	18	
20	3	6	8	4	
28	6	1	2	5	
17	7	8	3	9	

Tablica przewozów
Optymalne rozwiązanie
 \	15	19	13	18	
20	11	0	0	9	
28	0	19	0	9	
17	4	0	13	0	
Funkcja oceny: 200
 indexu = 2
Osobnik nr 41
 \	1.	2.	3.	4.	5.	6.	7.	8.	9.	10.	11.	12.	
1.	11	4	5	9	1	7	3	0	10	6	2	8		66+
2.	10	11	8	6	3	4	5	9	0	7	2	1		66+
3.	6	4	8	9	7	5	3	1	11	10	0	2		66+
4.	5	0	11	2	1	10	6	4	9	3	8	7		66+
5.	5	10	7	2	9	8	6	1	11	3	4	0		66+
6.	5	0	11	2	1	10	6	4	9	3	8	7		66+
7.	5	0	11	2	1	10	6	4	9	3	8	7		66+
8.	9	11	5	6	4	7	10	2	1	3	0	8		66+
9.	5	10	7	2	9	8	6	1	11	3	4	0		66+
10.	10	11	8	6	3	4	5	9	0	7	2	1		66+
														=660
	71+	61+	81+	46+	39+	73+	56+	35+	71+	48+	38+	41	=660

Tablica kosztów
 \	15	19	13	18	
20	3	6	8	4	
28	6	1	2	5	
17	7	8	3	9	

Tablica przewozów
Optymalne rozwiązanie
 \	15	19	13	18	
20	11	0	0	9	
28	0	19	0	9	
17	4	0	13	0	
Funkcja oceny: 200
 indexu = 4
Osobnik nr 42
 \	1.	2.	3.	4.	5.	6.	7.	8.	9.	10.	11.	12.	
1.	5	10	7	2	9	8	6	1	11	3	4	0		66+
2.	5	10	7	2	9	8	6	1	11	3	4	0		66+
3.	9	11	5	6	4	7	10	2	1	3	0	8		66+
4.	10	11	8	6	3	4	5	9	0	7	2	1		66+
5.	5	0	11	2	1	10	6	4	9	3	8	7		66+
6.	11	4	5	9	1	7	3	0	10	6	2	8		66+
7.	5	0	11	2	1	10	6	4	9	3	8	7		66+
8.	10	11	8	6	3	4	5	9	0	7	2	1		66+
9.	5	0	11	2	1	10	6	4	9	3	8	7		66+
10.	6	4	8	9	7	5	3	1	11	10	0	2		66+
														=660
	71+	61+	81+	46+	39+	73+	56+	35+	71+	48+	38+	41	=660

Tablica kosztów
 \	15	19	13	18	
20	3	6	8	4	
28	6	1	2	5	
17	7	8	3	9	

Tablica przewozów
Optymalne rozwiązanie
 \	15	19	13	18	
20	11	0	0	9	
28	0	19	0	9	
17	4	0	13	0	
Funkcja oceny: 200
 indexu = 1
Osobnik nr 43
 \	1.	2.	3.	4.	5.	6.	7.	8.	9.	10.	11.	12.	
1.	5	0	11	2	1	10	6	4	9	3	8	7		66+
2.	5	0	11	2	1	10	6	4	9	3	8	7		66+
3.	11	4	5	9	1	7	3	0	10	6	2	8		66+
4.	5	10	7	2	9	8	6	1	11	3	4	0		66+
5.	10	11	8	6	3	4	5	9	0	7	2	1		66+
6.	9	11	5	6	4	7	10	2	1	3	0	8		66+
7.	5	0	11	2	1	10	6	4	9	3	8	7		66+
8.	5	10	7	2	9	8	6	1	11	3	4	0		66+
9.	6	4	8	9	7	5	3	1	11	10	0	2		66+
10.	10	11	8	6	3	4	5	9	0	7	2	1		66+
														=660
	71+	61+	81+	46+	39+	73+	56+	35+	71+	48+	38+	41	=660

Tablica kosztów
 \	15	19	13	18	
20	3	6	8	4	
28	6	1	2	5	
17	7	8	3	9	

Tablica przewozów
Optymalne rozwiązanie
 \	15	19	13	18	
20	11	0	0	9	
28	0	19	0	9	
17	4	0	13	0	
Funkcja oceny: 200
 indexu = 7
Osobnik nr 44
 \	1.	2.	3.	4.	5.	6.	7.	8.	9.	10.	11.	12.	
1.	5	0	11	2	1	10	6	4	9	3	8	7		66+
2.	11	4	5	9	1	7	3	0	10	6	2	8		66+
3.	5	10	7	2	9	8	6	1	11	3	4	0		66+
4.	10	11	8	6	3	4	5	9	0	7	2	1		66+
5.	9	11	5	6	4	7	10	2	1	3	0	8		66+
6.	5	0	11	2	1	10	6	4	9	3	8	7		66+
7.	10	11	8	6	3	4	5	9	0	7	2	1		66+
8.	5	10	7	2	9	8	6	1	11	3	4	0		66+
9.	5	0	11	2	1	10	6	4	9	3	8	7		66+
10.	6	4	8	9	7	5	3	1	11	10	0	2		66+
														=660
	71+	61+	81+	46+	39+	73+	56+	35+	71+	48+	38+	41	=660

Tablica kosztów
 \	15	19	13	18	
20	3	6	8	4	
28	6	1	2	5	
17	7	8	3	9	

Tablica przewozów
Optymalne rozwiązanie
 \	15	19	13	18	
20	11	0	0	9	
28	0	19	0	9	
17	4	0	13	0	
Funkcja oceny: 200
 indexu = 7
Osobnik nr 45
 \	1.	2.	3.	4.	5.	6.	7.	8.	9.	10.	11.	12.	
1.	11	4	5	9	1	7	3	0	10	6	2	8		66+
2.	5	10	7	2	9	8	6	1	11	3	4	0		66+
3.	5	0	11	2	1	10	6	4	9	3	8	7		66+
4.	5	10	7	2	9	8	6	1	11	3	4	0		66+
5.	9	11	5	6	4	7	10	2	1	3	0	8		66+
6.	5	0	11	2	1	10	6	4	9	3	8	7		66+
7.	5	0	11	2	1	10	6	4	9	3	8	7		66+
8.	10	11	8	6	3	4	5	9	0	7	2	1		66+
9.	6	4	8	9	7	5	3	1	11	10	0	2		66+
10.	10	11	8	6	3	4	5	9	0	7	2	1		66+
														=660
	71+	61+	81+	46+	39+	73+	56+	35+	71+	48+	38+	41	=660

Tablica kosztów
 \	15	19	13	18	
20	3	6	8	4	
28	6	1	2	5	
17	7	8	3	9	

Tablica przewozów
Optymalne rozwiązanie
 \	15	19	13	18	
20	11	0	0	9	
28	0	19	0	9	
17	4	0	13	0	
Funkcja oceny: 200
 indexu = 3
Osobnik nr 46
 \	1.	2.	3.	4.	5.	6.	7.	8.	9.	10.	11.	12.	
1.	9	11	5	6	4	7	10	2	1	3	0	8		66+
2.	10	11	8	6	3	4	5	9	0	7	2	1		66+
3.	10	11	8	6	3	4	5	9	0	7	2	1		66+
4.	5	0	11	2	1	10	6	4	9	3	8	7		66+
5.	5	10	7	2	9	8	6	1	11	3	4	0		66+
6.	5	0	11	2	1	10	6	4	9	3	8	7		66+
7.	6	4	8	9	7	5	3	1	11	10	0	2		66+
8.	5	10	7	2	9	8	6	1	11	3	4	0		66+
9.	11	4	5	9	1	7	3	0	10	6	2	8		66+
10.	5	0	11	2	1	10	6	4	9	3	8	7		66+
														=660
	71+	61+	81+	46+	39+	73+	56+	35+	71+	48+	38+	41	=660

Tablica kosztów
 \	15	19	13	18	
20	3	6	8	4	
28	6	1	2	5	
17	7	8	3	9	

Tablica przewozów
Optymalne rozwiązanie
 \	15	19	13	18	
20	11	0	0	9	
28	0	19	0	9	
17	4	0	13	0	
Funkcja oceny: 200
 indexu = 4
Osobnik nr 47
 \	1.	2.	3.	4.	5.	6.	7.	8.	9.	10.	11.	12.	
1.	10	11	8	6	3	4	5	9	0	7	2	1		66+
2.	6	4	8	9	7	5	3	1	11	10	0	2		66+
3.	5	0	11	2	1	10	6	4	9	3	8	7		66+
4.	5	0	11	2	1	10	6	4	9	3	8	7		66+
5.	9	11	5	6	4	7	10	2	1	3	0	8		66+
6.	5	10	7	2	9	8	6	1	11	3	4	0		66+
7.	10	11	8	6	3	4	5	9	0	7	2	1		66+
8.	5	0	11	2	1	10	6	4	9	3	8	7		66+
9.	5	10	7	2	9	8	6	1	11	3	4	0		66+
10.	11	4	5	9	1	7	3	0	10	6	2	8		66+
														=660
	71+	61+	81+	46+	39+	73+	56+	35+	71+	48+	38+	41	=660

Tablica kosztów
 \	15	19	13	18	
20	3	6	8	4	
28	6	1	2	5	
17	7	8	3	9	

Tablica przewozów
Optymalne rozwiązanie
 \	15	19	13	18	
20	11	0	0	9	
28	0	19	0	9	
17	4	0	13	0	
Funkcja oceny: 200
 indexu = 8
Osobnik nr 48
 \	1.	2.	3.	4.	5.	6.	7.	8.	9.	10.	11.	12.	
1.	6	4	8	9	7	5	3	1	11	10	0	2		66+
2.	10	11	8	6	3	4	5	9	0	7	2	1		66+
3.	5	10	7	2	9	8	6	1	11	3	4	0		66+
4.	5	0	11	2	1	10	6	4	9	3	8	7		66+
5.	5	0	11	2	1	10	6	4	9	3	8	7		66+
6.	11	4	5	9	1	7	3	0	10	6	2	8		66+
7.	10	11	8	6	3	4	5	9	0	7	2	1		66+
8.	9	11	5	6	4	7	10	2	1	3	0	8		66+
9.	5	0	11	2	1	10	6	4	9	3	8	7		66+
10.	5	10	7	2	9	8	6	1	11	3	4	0		66+
														=660
	71+	61+	81+	46+	39+	73+	56+	35+	71+	48+	38+	41	=660

Tablica kosztów
 \	15	19	13	18	
20	3	6	8	4	
28	6	1	2	5	
17	7	8	3	9	

Tablica przewozów
Optymalne rozwiązanie
 \	15	19	13	18	
20	11	0	0	9	
28	0	19	0	9	
17	4	0	13	0	
Funkcja oceny: 200
 indexu = 2
Osobnik nr 49
 \	1.	2.	3.	4.	5.	6.	7.	8.	9.	10.	11.	12.	
1.	5	0	11	2	1	10	6	4	9	3	8	7		66+
2.	10	11	8	6	3	4	5	9	0	7	2	1		66+
3.	5	0	11	2	1	10	6	4	9	3	8	7		66+
4.	9	11	5	6	4	7	10	2	1	3	0	8		66+
5.	10	11	8	6	3	4	5	9	0	7	2	1		66+
6.	5	10	7	2	9	8	6	1	11	3	4	0		66+
7.	5	0	11	2	1	10	6	4	9	3	8	7		66+
8.	6	4	8	9	7	5	3	1	11	10	0	2		66+
9.	11	4	5	9	1	7	3	0	10	6	2	8		66+
10.	5	10	7	2	9	8	6	1	11	3	4	0		66+
														=660
	71+	61+	81+	46+	39+	73+	56+	35+	71+	48+	38+	41	=660

Tablica kosztów
 \	15	19	13	18	
20	3	6	8	4	
28	6	1	2	5	
17	7	8	3	9	

Tablica przewozów
Optymalne rozwiązanie
 \	15	19	13	18	
20	11	0	0	9	
28	0	19	0	9	
17	4	0	13	0	
Funkcja oceny: 200
 indexu = 5
Osobnik nr 50
 \	1.	2.	3.	4.	5.	6.	7.	8.	9.	10.	11.	12.	
1.	9	11	5	6	4	7	10	2	1	3	0	8		66+
2.	10	11	8	6	3	4	5	9	0	7	2	1		66+
3.	5	0	11	2	1	10	6	4	9	3	8	7		66+
4.	5	0	11	2	1	10	6	4	9	3	8	7		66+
5.	10	11	8	6	3	4	5	9	0	7	2	1		66+
6.	5	10	7	2	9	8	6	1	11	3	4	0		66+
7.	5	10	7	2	9	8	6	1	11	3	4	0		66+
8.	6	4	8	9	7	5	3	1	11	10	0	2		66+
9.	11	4	5	9	1	7	3	0	10	6	2	8		66+
10.	5	0	11	2	1	10	6	4	9	3	8	7		66+
														=660
	71+	61+	81+	46+	39+	73+	56+	35+	71+	48+	38+	41	=660

Tablica kosztów
 \	15	19	13	18	
20	3	6	8	4	
28	6	1	2	5	
17	7	8	3	9	

Tablica przewozów
Optymalne rozwiązanie
 \	15	19	13	18	
20	11	0	0	9	
28	0	19	0	9	
17	4	0	13	0	
Funkcja oceny: 200
 indexu = 5
Algorytm genetyczny: 

