Problem transportowy
Osobnik nr 1
 \	1.	2.	3.	4.	5.	6.	7.	8.	9.	10.	11.	12.	
1.	9	11	6	7	4	5	10	0	3	1	2	8		66+
2.	7	6	10	5	8	1	3	9	2	4	11	0		66+
3.	5	6	3	10	1	4	9	2	0	11	8	7		66+
4.	6	11	3	8	1	2	4	5	7	9	10	0		66+
5.	5	6	3	10	1	4	9	2	0	11	8	7		66+
6.	9	11	6	7	4	5	10	0	3	1	2	8		66+
7.	10	0	8	4	1	9	7	6	3	5	11	2		66+
8.	6	11	3	8	1	2	4	5	7	9	10	0		66+
9.	5	6	3	10	1	4	9	2	0	11	8	7		66+
10.	5	6	3	10	1	4	9	2	0	11	8	7		66+
														=660
	67+	74+	48+	79+	23+	40+	74+	33+	25+	73+	78+	46	=660

Tablica kosztów
 \	5	15	15	10	
15	10	0	20	11	
25	12	7	9	20	
5	0	14	16	18	

Tablica przewozów
Optymalne rozwiązanie
 \	5	15	15	10	
15	0	15	0	0	
25	0	0	15	10	
5	5	0	0	0	
Funkcja oceny: 335
 indexu = 1
Osobnik nr 2
 \	1.	2.	3.	4.	5.	6.	7.	8.	9.	10.	11.	12.	
1.	9	11	6	7	4	5	10	0	3	1	2	8		66+
2.	6	11	3	8	1	2	4	5	7	9	10	0		66+
3.	5	6	3	10	1	4	9	2	0	11	8	7		66+
4.	10	0	8	4	1	9	7	6	3	5	11	2		66+
5.	5	6	3	10	1	4	9	2	0	11	8	7		66+
6.	7	6	10	5	8	1	3	9	2	4	11	0		66+
7.	9	11	6	7	4	5	10	0	3	1	2	8		66+
8.	5	6	3	10	1	4	9	2	0	11	8	7		66+
9.	5	6	3	10	1	4	9	2	0	11	8	7		66+
10.	6	11	3	8	1	2	4	5	7	9	10	0		66+
														=660
	67+	74+	48+	79+	23+	40+	74+	33+	25+	73+	78+	46	=660

Tablica kosztów
 \	5	15	15	10	
15	10	0	20	11	
25	12	7	9	20	
5	0	14	16	18	

Tablica przewozów
Optymalne rozwiązanie
 \	5	15	15	10	
15	0	15	0	0	
25	0	0	15	10	
5	5	0	0	0	
Funkcja oceny: 335
 indexu = 5
Osobnik nr 3
 \	1.	2.	3.	4.	5.	6.	7.	8.	9.	10.	11.	12.	
1.	10	0	8	4	1	9	7	6	3	5	11	2		66+
2.	5	6	3	10	1	4	9	2	0	11	8	7		66+
3.	5	6	3	10	1	4	9	2	0	11	8	7		66+
4.	5	6	3	10	1	4	9	2	0	11	8	7		66+
5.	5	6	3	10	1	4	9	2	0	11	8	7		66+
6.	7	6	10	5	8	1	3	9	2	4	11	0		66+
7.	6	11	3	8	1	2	4	5	7	9	10	0		66+
8.	9	11	6	7	4	5	10	0	3	1	2	8		66+
9.	6	11	3	8	1	2	4	5	7	9	10	0		66+
10.	9	11	6	7	4	5	10	0	3	1	2	8		66+
														=660
	67+	74+	48+	79+	23+	40+	74+	33+	25+	73+	78+	46	=660

Tablica kosztów
 \	5	15	15	10	
15	10	0	20	11	
25	12	7	9	20	
5	0	14	16	18	

Tablica przewozów
Optymalne rozwiązanie
 \	5	15	15	10	
15	0	15	0	0	
25	0	0	15	10	
5	5	0	0	0	
Funkcja oceny: 335
 indexu = 5
Osobnik nr 4
 \	1.	2.	3.	4.	5.	6.	7.	8.	9.	10.	11.	12.	
1.	7	6	10	5	8	1	3	9	2	4	11	0		66+
2.	9	11	6	7	4	5	10	0	3	1	2	8		66+
3.	5	6	3	10	1	4	9	2	0	11	8	7		66+
4.	6	11	3	8	1	2	4	5	7	9	10	0		66+
5.	5	6	3	10	1	4	9	2	0	11	8	7		66+
6.	10	0	8	4	1	9	7	6	3	5	11	2		66+
7.	5	6	3	10	1	4	9	2	0	11	8	7		66+
8.	5	6	3	10	1	4	9	2	0	11	8	7		66+
9.	9	11	6	7	4	5	10	0	3	1	2	8		66+
10.	6	11	3	8	1	2	4	5	7	9	10	0		66+
														=660
	67+	74+	48+	79+	23+	40+	74+	33+	25+	73+	78+	46	=660

Tablica kosztów
 \	5	15	15	10	
15	10	0	20	11	
25	12	7	9	20	
5	0	14	16	18	

Tablica przewozów
Optymalne rozwiązanie
 \	5	15	15	10	
15	0	15	0	0	
25	0	0	15	10	
5	5	0	0	0	
Funkcja oceny: 335
 indexu = 0
Osobnik nr 5
 \	1.	2.	3.	4.	5.	6.	7.	8.	9.	10.	11.	12.	
1.	6	11	3	8	1	2	4	5	7	9	10	0		66+
2.	9	11	6	7	4	5	10	0	3	1	2	8		66+
3.	9	11	6	7	4	5	10	0	3	1	2	8		66+
4.	5	6	3	10	1	4	9	2	0	11	8	7		66+
5.	10	0	8	4	1	9	7	6	3	5	11	2		66+
6.	5	6	3	10	1	4	9	2	0	11	8	7		66+
7.	5	6	3	10	1	4	9	2	0	11	8	7		66+
8.	7	6	10	5	8	1	3	9	2	4	11	0		66+
9.	5	6	3	10	1	4	9	2	0	11	8	7		66+
10.	6	11	3	8	1	2	4	5	7	9	10	0		66+
														=660
	67+	74+	48+	79+	23+	40+	74+	33+	25+	73+	78+	46	=660

Tablica kosztów
 \	5	15	15	10	
15	10	0	20	11	
25	12	7	9	20	
5	0	14	16	18	

Tablica przewozów
Optymalne rozwiązanie
 \	5	15	15	10	
15	0	15	0	0	
25	0	0	15	10	
5	5	0	0	0	
Funkcja oceny: 335
 indexu = 7
Osobnik nr 6
 \	1.	2.	3.	4.	5.	6.	7.	8.	9.	10.	11.	12.	
1.	5	6	3	10	1	4	9	2	0	11	8	7		66+
2.	7	6	10	5	8	1	3	9	2	4	11	0		66+
3.	5	6	3	10	1	4	9	2	0	11	8	7		66+
4.	5	6	3	10	1	4	9	2	0	11	8	7		66+
5.	10	0	8	4	1	9	7	6	3	5	11	2		66+
6.	5	6	3	10	1	4	9	2	0	11	8	7		66+
7.	6	11	3	8	1	2	4	5	7	9	10	0		66+
8.	6	11	3	8	1	2	4	5	7	9	10	0		66+
9.	9	11	6	7	4	5	10	0	3	1	2	8		66+
10.	9	11	6	7	4	5	10	0	3	1	2	8		66+
														=660
	67+	74+	48+	79+	23+	40+	74+	33+	25+	73+	78+	46	=660

Tablica kosztów
 \	5	15	15	10	
15	10	0	20	11	
25	12	7	9	20	
5	0	14	16	18	

Tablica przewozów
Optymalne rozwiązanie
 \	5	15	15	10	
15	0	15	0	0	
25	0	0	15	10	
5	5	0	0	0	
Funkcja oceny: 335
 indexu = 1
Osobnik nr 7
 \	1.	2.	3.	4.	5.	6.	7.	8.	9.	10.	11.	12.	
1.	5	6	3	10	1	4	9	2	0	11	8	7		66+
2.	6	11	3	8	1	2	4	5	7	9	10	0		66+
3.	6	11	3	8	1	2	4	5	7	9	10	0		66+
4.	7	6	10	5	8	1	3	9	2	4	11	0		66+
5.	5	6	3	10	1	4	9	2	0	11	8	7		66+
6.	5	6	3	10	1	4	9	2	0	11	8	7		66+
7.	10	0	8	4	1	9	7	6	3	5	11	2		66+
8.	5	6	3	10	1	4	9	2	0	11	8	7		66+
9.	9	11	6	7	4	5	10	0	3	1	2	8		66+
10.	9	11	6	7	4	5	10	0	3	1	2	8		66+
														=660
	67+	74+	48+	79+	23+	40+	74+	33+	25+	73+	78+	46	=660

Tablica kosztów
 \	5	15	15	10	
15	10	0	20	11	
25	12	7	9	20	
5	0	14	16	18	

Tablica przewozów
Optymalne rozwiązanie
 \	5	15	15	10	
15	0	15	0	0	
25	0	0	15	10	
5	5	0	0	0	
Funkcja oceny: 335
 indexu = 3
Osobnik nr 8
 \	1.	2.	3.	4.	5.	6.	7.	8.	9.	10.	11.	12.	
1.	5	6	3	10	1	4	9	2	0	11	8	7		66+
2.	9	11	6	7	4	5	10	0	3	1	2	8		66+
3.	6	11	3	8	1	2	4	5	7	9	10	0		66+
4.	5	6	3	10	1	4	9	2	0	11	8	7		66+
5.	7	6	10	5	8	1	3	9	2	4	11	0		66+
6.	9	11	6	7	4	5	10	0	3	1	2	8		66+
7.	10	0	8	4	1	9	7	6	3	5	11	2		66+
8.	5	6	3	10	1	4	9	2	0	11	8	7		66+
9.	6	11	3	8	1	2	4	5	7	9	10	0		66+
10.	5	6	3	10	1	4	9	2	0	11	8	7		66+
														=660
	67+	74+	48+	79+	23+	40+	74+	33+	25+	73+	78+	46	=660

Tablica kosztów
 \	5	15	15	10	
15	10	0	20	11	
25	12	7	9	20	
5	0	14	16	18	

Tablica przewozów
Optymalne rozwiązanie
 \	5	15	15	10	
15	0	15	0	0	
25	0	0	15	10	
5	5	0	0	0	
Funkcja oceny: 335
 indexu = 4
Osobnik nr 9
 \	1.	2.	3.	4.	5.	6.	7.	8.	9.	10.	11.	12.	
1.	7	6	10	5	8	1	3	9	2	4	11	0		66+
2.	9	11	6	7	4	5	10	0	3	1	2	8		66+
3.	5	6	3	10	1	4	9	2	0	11	8	7		66+
4.	9	11	6	7	4	5	10	0	3	1	2	8		66+
5.	6	11	3	8	1	2	4	5	7	9	10	0		66+
6.	6	11	3	8	1	2	4	5	7	9	10	0		66+
7.	5	6	3	10	1	4	9	2	0	11	8	7		66+
8.	5	6	3	10	1	4	9	2	0	11	8	7		66+
9.	10	0	8	4	1	9	7	6	3	5	11	2		66+
10.	5	6	3	10	1	4	9	2	0	11	8	7		66+
														=660
	67+	74+	48+	79+	23+	40+	74+	33+	25+	73+	78+	46	=660

Tablica kosztów
 \	5	15	15	10	
15	10	0	20	11	
25	12	7	9	20	
5	0	14	16	18	

Tablica przewozów
Optymalne rozwiązanie
 \	5	15	15	10	
15	0	15	0	0	
25	0	0	15	10	
5	5	0	0	0	
Funkcja oceny: 335
 indexu = 0
Osobnik nr 10
 \	1.	2.	3.	4.	5.	6.	7.	8.	9.	10.	11.	12.	
1.	9	11	6	7	4	5	10	0	3	1	2	8		66+
2.	5	6	3	10	1	4	9	2	0	11	8	7		66+
3.	9	11	6	7	4	5	10	0	3	1	2	8		66+
4.	6	11	3	8	1	2	4	5	7	9	10	0		66+
5.	5	6	3	10	1	4	9	2	0	11	8	7		66+
6.	7	6	10	5	8	1	3	9	2	4	11	0		66+
7.	6	11	3	8	1	2	4	5	7	9	10	0		66+
8.	5	6	3	10	1	4	9	2	0	11	8	7		66+
9.	5	6	3	10	1	4	9	2	0	11	8	7		66+
10.	10	0	8	4	1	9	7	6	3	5	11	2		66+
														=660
	67+	74+	48+	79+	23+	40+	74+	33+	25+	73+	78+	46	=660

Tablica kosztów
 \	5	15	15	10	
15	10	0	20	11	
25	12	7	9	20	
5	0	14	16	18	

Tablica przewozów
Optymalne rozwiązanie
 \	5	15	15	10	
15	0	15	0	0	
25	0	0	15	10	
5	5	0	0	0	
Funkcja oceny: 335
 indexu = 5
Osobnik nr 11
 \	1.	2.	3.	4.	5.	6.	7.	8.	9.	10.	11.	12.	
1.	6	11	3	8	1	2	4	5	7	9	10	0		66+
2.	6	11	3	8	1	2	4	5	7	9	10	0		66+
3.	5	6	3	10	1	4	9	2	0	11	8	7		66+
4.	7	6	10	5	8	1	3	9	2	4	11	0		66+
5.	9	11	6	7	4	5	10	0	3	1	2	8		66+
6.	5	6	3	10	1	4	9	2	0	11	8	7		66+
7.	5	6	3	10	1	4	9	2	0	11	8	7		66+
8.	5	6	3	10	1	4	9	2	0	11	8	7		66+
9.	9	11	6	7	4	5	10	0	3	1	2	8		66+
10.	10	0	8	4	1	9	7	6	3	5	11	2		66+
														=660
	67+	74+	48+	79+	23+	40+	74+	33+	25+	73+	78+	46	=660

Tablica kosztów
 \	5	15	15	10	
15	10	0	20	11	
25	12	7	9	20	
5	0	14	16	18	

Tablica przewozów
Optymalne rozwiązanie
 \	5	15	15	10	
15	0	15	0	0	
25	0	0	15	10	
5	5	0	0	0	
Funkcja oceny: 335
 indexu = 3
Osobnik nr 12
 \	1.	2.	3.	4.	5.	6.	7.	8.	9.	10.	11.	12.	
1.	5	6	3	10	1	4	9	2	0	11	8	7		66+
2.	5	6	3	10	1	4	9	2	0	11	8	7		66+
3.	7	6	10	5	8	1	3	9	2	4	11	0		66+
4.	9	11	6	7	4	5	10	0	3	1	2	8		66+
5.	5	6	3	10	1	4	9	2	0	11	8	7		66+
6.	9	11	6	7	4	5	10	0	3	1	2	8		66+
7.	6	11	3	8	1	2	4	5	7	9	10	0		66+
8.	6	11	3	8	1	2	4	5	7	9	10	0		66+
9.	5	6	3	10	1	4	9	2	0	11	8	7		66+
10.	10	0	8	4	1	9	7	6	3	5	11	2		66+
														=660
	67+	74+	48+	79+	23+	40+	74+	33+	25+	73+	78+	46	=660

Tablica kosztów
 \	5	15	15	10	
15	10	0	20	11	
25	12	7	9	20	
5	0	14	16	18	

Tablica przewozów
Optymalne rozwiązanie
 \	5	15	15	10	
15	0	15	0	0	
25	0	0	15	10	
5	5	0	0	0	
Funkcja oceny: 335
 indexu = 2
Osobnik nr 13
 \	1.	2.	3.	4.	5.	6.	7.	8.	9.	10.	11.	12.	
1.	5	6	3	10	1	4	9	2	0	11	8	7		66+
2.	10	0	8	4	1	9	7	6	3	5	11	2		66+
3.	6	11	3	8	1	2	4	5	7	9	10	0		66+
4.	5	6	3	10	1	4	9	2	0	11	8	7		66+
5.	5	6	3	10	1	4	9	2	0	11	8	7		66+
6.	5	6	3	10	1	4	9	2	0	11	8	7		66+
7.	9	11	6	7	4	5	10	0	3	1	2	8		66+
8.	7	6	10	5	8	1	3	9	2	4	11	0		66+
9.	9	11	6	7	4	5	10	0	3	1	2	8		66+
10.	6	11	3	8	1	2	4	5	7	9	10	0		66+
														=660
	67+	74+	48+	79+	23+	40+	74+	33+	25+	73+	78+	46	=660

Tablica kosztów
 \	5	15	15	10	
15	10	0	20	11	
25	12	7	9	20	
5	0	14	16	18	

Tablica przewozów
Optymalne rozwiązanie
 \	5	15	15	10	
15	0	15	0	0	
25	0	0	15	10	
5	5	0	0	0	
Funkcja oceny: 335
 indexu = 7
Osobnik nr 14
 \	1.	2.	3.	4.	5.	6.	7.	8.	9.	10.	11.	12.	
1.	5	6	3	10	1	4	9	2	0	11	8	7		66+
2.	5	6	3	10	1	4	9	2	0	11	8	7		66+
3.	9	11	6	7	4	5	10	0	3	1	2	8		66+
4.	5	6	3	10	1	4	9	2	0	11	8	7		66+
5.	7	6	10	5	8	1	3	9	2	4	11	0		66+
6.	6	11	3	8	1	2	4	5	7	9	10	0		66+
7.	10	0	8	4	1	9	7	6	3	5	11	2		66+
8.	6	11	3	8	1	2	4	5	7	9	10	0		66+
9.	5	6	3	10	1	4	9	2	0	11	8	7		66+
10.	9	11	6	7	4	5	10	0	3	1	2	8		66+
														=660
	67+	74+	48+	79+	23+	40+	74+	33+	25+	73+	78+	46	=660

Tablica kosztów
 \	5	15	15	10	
15	10	0	20	11	
25	12	7	9	20	
5	0	14	16	18	

Tablica przewozów
Optymalne rozwiązanie
 \	5	15	15	10	
15	0	15	0	0	
25	0	0	15	10	
5	5	0	0	0	
Funkcja oceny: 335
 indexu = 4
Osobnik nr 15
 \	1.	2.	3.	4.	5.	6.	7.	8.	9.	10.	11.	12.	
1.	5	6	3	10	1	4	9	2	0	11	8	7		66+
2.	5	6	3	10	1	4	9	2	0	11	8	7		66+
3.	10	0	8	4	1	9	7	6	3	5	11	2		66+
4.	6	11	3	8	1	2	4	5	7	9	10	0		66+
5.	5	6	3	10	1	4	9	2	0	11	8	7		66+
6.	5	6	3	10	1	4	9	2	0	11	8	7		66+
7.	7	6	10	5	8	1	3	9	2	4	11	0		66+
8.	6	11	3	8	1	2	4	5	7	9	10	0		66+
9.	9	11	6	7	4	5	10	0	3	1	2	8		66+
10.	9	11	6	7	4	5	10	0	3	1	2	8		66+
														=660
	67+	74+	48+	79+	23+	40+	74+	33+	25+	73+	78+	46	=660

Tablica kosztów
 \	5	15	15	10	
15	10	0	20	11	
25	12	7	9	20	
5	0	14	16	18	

Tablica przewozów
Optymalne rozwiązanie
 \	5	15	15	10	
15	0	15	0	0	
25	0	0	15	10	
5	5	0	0	0	
Funkcja oceny: 335
 indexu = 6
Osobnik nr 16
 \	1.	2.	3.	4.	5.	6.	7.	8.	9.	10.	11.	12.	
1.	6	11	3	8	1	2	4	5	7	9	10	0		66+
2.	7	6	10	5	8	1	3	9	2	4	11	0		66+
3.	5	6	3	10	1	4	9	2	0	11	8	7		66+
4.	10	0	8	4	1	9	7	6	3	5	11	2		66+
5.	5	6	3	10	1	4	9	2	0	11	8	7		66+
6.	9	11	6	7	4	5	10	0	3	1	2	8		66+
7.	5	6	3	10	1	4	9	2	0	11	8	7		66+
8.	9	11	6	7	4	5	10	0	3	1	2	8		66+
9.	6	11	3	8	1	2	4	5	7	9	10	0		66+
10.	5	6	3	10	1	4	9	2	0	11	8	7		66+
														=660
	67+	74+	48+	79+	23+	40+	74+	33+	25+	73+	78+	46	=660

Tablica kosztów
 \	5	15	15	10	
15	10	0	20	11	
25	12	7	9	20	
5	0	14	16	18	

Tablica przewozów
Optymalne rozwiązanie
 \	5	15	15	10	
15	0	15	0	0	
25	0	0	15	10	
5	5	0	0	0	
Funkcja oceny: 335
 indexu = 1
Osobnik nr 17
 \	1.	2.	3.	4.	5.	6.	7.	8.	9.	10.	11.	12.	
1.	9	11	6	7	4	5	10	0	3	1	2	8		66+
2.	5	6	3	10	1	4	9	2	0	11	8	7		66+
3.	5	6	3	10	1	4	9	2	0	11	8	7		66+
4.	7	6	10	5	8	1	3	9	2	4	11	0		66+
5.	9	11	6	7	4	5	10	0	3	1	2	8		66+
6.	6	11	3	8	1	2	4	5	7	9	10	0		66+
7.	5	6	3	10	1	4	9	2	0	11	8	7		66+
8.	5	6	3	10	1	4	9	2	0	11	8	7		66+
9.	10	0	8	4	1	9	7	6	3	5	11	2		66+
10.	6	11	3	8	1	2	4	5	7	9	10	0		66+
														=660
	67+	74+	48+	79+	23+	40+	74+	33+	25+	73+	78+	46	=660

Tablica kosztów
 \	5	15	15	10	
15	10	0	20	11	
25	12	7	9	20	
5	0	14	16	18	

Tablica przewozów
Optymalne rozwiązanie
 \	5	15	15	10	
15	0	15	0	0	
25	0	0	15	10	
5	5	0	0	0	
Funkcja oceny: 335
 indexu = 3
Osobnik nr 18
 \	1.	2.	3.	4.	5.	6.	7.	8.	9.	10.	11.	12.	
1.	5	6	3	10	1	4	9	2	0	11	8	7		66+
2.	6	11	3	8	1	2	4	5	7	9	10	0		66+
3.	10	0	8	4	1	9	7	6	3	5	11	2		66+
4.	6	11	3	8	1	2	4	5	7	9	10	0		66+
5.	5	6	3	10	1	4	9	2	0	11	8	7		66+
6.	5	6	3	10	1	4	9	2	0	11	8	7		66+
7.	5	6	3	10	1	4	9	2	0	11	8	7		66+
8.	9	11	6	7	4	5	10	0	3	1	2	8		66+
9.	7	6	10	5	8	1	3	9	2	4	11	0		66+
10.	9	11	6	7	4	5	10	0	3	1	2	8		66+
														=660
	67+	74+	48+	79+	23+	40+	74+	33+	25+	73+	78+	46	=660

Tablica kosztów
 \	5	15	15	10	
15	10	0	20	11	
25	12	7	9	20	
5	0	14	16	18	

Tablica przewozów
Optymalne rozwiązanie
 \	5	15	15	10	
15	0	15	0	0	
25	0	0	15	10	
5	5	0	0	0	
Funkcja oceny: 335
 indexu = 8
Osobnik nr 19
 \	1.	2.	3.	4.	5.	6.	7.	8.	9.	10.	11.	12.	
1.	6	11	3	8	1	2	4	5	7	9	10	0		66+
2.	7	6	10	5	8	1	3	9	2	4	11	0		66+
3.	10	0	8	4	1	9	7	6	3	5	11	2		66+
4.	9	11	6	7	4	5	10	0	3	1	2	8		66+
5.	9	11	6	7	4	5	10	0	3	1	2	8		66+
6.	5	6	3	10	1	4	9	2	0	11	8	7		66+
7.	5	6	3	10	1	4	9	2	0	11	8	7		66+
8.	5	6	3	10	1	4	9	2	0	11	8	7		66+
9.	5	6	3	10	1	4	9	2	0	11	8	7		66+
10.	6	11	3	8	1	2	4	5	7	9	10	0		66+
														=660
	67+	74+	48+	79+	23+	40+	74+	33+	25+	73+	78+	46	=660

Tablica kosztów
 \	5	15	15	10	
15	10	0	20	11	
25	12	7	9	20	
5	0	14	16	18	

Tablica przewozów
Optymalne rozwiązanie
 \	5	15	15	10	
15	0	15	0	0	
25	0	0	15	10	
5	5	0	0	0	
Funkcja oceny: 335
 indexu = 1
Osobnik nr 20
 \	1.	2.	3.	4.	5.	6.	7.	8.	9.	10.	11.	12.	
1.	5	6	3	10	1	4	9	2	0	11	8	7		66+
2.	5	6	3	10	1	4	9	2	0	11	8	7		66+
3.	6	11	3	8	1	2	4	5	7	9	10	0		66+
4.	5	6	3	10	1	4	9	2	0	11	8	7		66+
5.	9	11	6	7	4	5	10	0	3	1	2	8		66+
6.	10	0	8	4	1	9	7	6	3	5	11	2		66+
7.	7	6	10	5	8	1	3	9	2	4	11	0		66+
8.	5	6	3	10	1	4	9	2	0	11	8	7		66+
9.	6	11	3	8	1	2	4	5	7	9	10	0		66+
10.	9	11	6	7	4	5	10	0	3	1	2	8		66+
														=660
	67+	74+	48+	79+	23+	40+	74+	33+	25+	73+	78+	46	=660

Tablica kosztów
 \	5	15	15	10	
15	10	0	20	11	
25	12	7	9	20	
5	0	14	16	18	

Tablica przewozów
Optymalne rozwiązanie
 \	5	15	15	10	
15	0	15	0	0	
25	0	0	15	10	
5	5	0	0	0	
Funkcja oceny: 335
 indexu = 6
Algorytm genetyczny: 

