Problem transportowy
Osobnik nr 1
 \	1.	2.	3.	4.	5.	6.	7.	8.	9.	10.	11.	12.	
1.	1	10	4	3	5	7	8	9	0	6	11	2		66+
2.	10	7	3	6	5	2	1	4	8	11	9	0		66+
3.	5	4	3	11	0	9	6	8	7	2	10	1		66+
4.	2	1	4	0	6	9	11	8	3	10	5	7		66+
5.	1	2	6	7	3	9	4	8	10	5	0	11		66+
6.	2	3	0	1	4	5	7	6	9	10	8	11		66+
7.	1	2	6	7	3	9	4	8	10	5	0	11		66+
8.	2	3	0	1	4	5	7	6	9	10	8	11		66+
9.	10	7	3	6	5	2	1	4	8	11	9	0		66+
10.	1	10	4	3	5	7	8	9	0	6	11	2		66+
														=660
	35+	49+	33+	45+	40+	64+	57+	70+	64+	76+	71+	56	=660

Tablica kosztów
 \	5	15	15	10	
15	10	0	20	11	
25	12	7	9	20	
5	0	14	16	18	

Tablica przewozów
Optymalne rozwiązanie
 \	5	15	15	10	
15	0	15	0	0	
25	0	0	15	10	
5	5	0	0	0	
Funkcja oceny: 335
 indexu = 4
Osobnik nr 2
 \	1.	2.	3.	4.	5.	6.	7.	8.	9.	10.	11.	12.	
1.	2	3	0	1	4	5	7	6	9	10	8	11		66+
2.	1	2	6	7	3	9	4	8	10	5	0	11		66+
3.	10	7	3	6	5	2	1	4	8	11	9	0		66+
4.	1	2	6	7	3	9	4	8	10	5	0	11		66+
5.	5	4	3	11	0	9	6	8	7	2	10	1		66+
6.	1	10	4	3	5	7	8	9	0	6	11	2		66+
7.	1	10	4	3	5	7	8	9	0	6	11	2		66+
8.	10	7	3	6	5	2	1	4	8	11	9	0		66+
9.	2	1	4	0	6	9	11	8	3	10	5	7		66+
10.	2	3	0	1	4	5	7	6	9	10	8	11		66+
														=660
	35+	49+	33+	45+	40+	64+	57+	70+	64+	76+	71+	56	=660

Tablica kosztów
 \	5	15	15	10	
15	10	0	20	11	
25	12	7	9	20	
5	0	14	16	18	

Tablica przewozów
Optymalne rozwiązanie
 \	5	15	15	10	
15	0	15	0	0	
25	0	0	15	10	
5	5	0	0	0	
Funkcja oceny: 335
 indexu = 3
Osobnik nr 3
 \	1.	2.	3.	4.	5.	6.	7.	8.	9.	10.	11.	12.	
1.	1	10	4	3	5	7	8	9	0	6	11	2		66+
2.	1	2	6	7	3	9	4	8	10	5	0	11		66+
3.	10	7	3	6	5	2	1	4	8	11	9	0		66+
4.	1	10	4	3	5	7	8	9	0	6	11	2		66+
5.	5	4	3	11	0	9	6	8	7	2	10	1		66+
6.	10	7	3	6	5	2	1	4	8	11	9	0		66+
7.	2	3	0	1	4	5	7	6	9	10	8	11		66+
8.	1	2	6	7	3	9	4	8	10	5	0	11		66+
9.	2	3	0	1	4	5	7	6	9	10	8	11		66+
10.	2	1	4	0	6	9	11	8	3	10	5	7		66+
														=660
	35+	49+	33+	45+	40+	64+	57+	70+	64+	76+	71+	56	=660

Tablica kosztów
 \	5	15	15	10	
15	10	0	20	11	
25	12	7	9	20	
5	0	14	16	18	

Tablica przewozów
Optymalne rozwiązanie
 \	5	15	15	10	
15	0	15	0	0	
25	0	0	15	10	
5	5	0	0	0	
Funkcja oceny: 335
 indexu = 7
Osobnik nr 4
 \	1.	2.	3.	4.	5.	6.	7.	8.	9.	10.	11.	12.	
1.	2	3	0	1	4	5	7	6	9	10	8	11		66+
2.	1	2	6	7	3	9	4	8	10	5	0	11		66+
3.	2	3	0	1	4	5	7	6	9	10	8	11		66+
4.	1	2	6	7	3	9	4	8	10	5	0	11		66+
5.	10	7	3	6	5	2	1	4	8	11	9	0		66+
6.	5	4	3	11	0	9	6	8	7	2	10	1		66+
7.	1	10	4	3	5	7	8	9	0	6	11	2		66+
8.	10	7	3	6	5	2	1	4	8	11	9	0		66+
9.	2	1	4	0	6	9	11	8	3	10	5	7		66+
10.	1	10	4	3	5	7	8	9	0	6	11	2		66+
														=660
	35+	49+	33+	45+	40+	64+	57+	70+	64+	76+	71+	56	=660

Tablica kosztów
 \	5	15	15	10	
15	10	0	20	11	
25	12	7	9	20	
5	0	14	16	18	

Tablica przewozów
Optymalne rozwiązanie
 \	5	15	15	10	
15	0	15	0	0	
25	0	0	15	10	
5	5	0	0	0	
Funkcja oceny: 335
 indexu = 1
Osobnik nr 5
 \	1.	2.	3.	4.	5.	6.	7.	8.	9.	10.	11.	12.	
1.	1	10	4	3	5	7	8	9	0	6	11	2		66+
2.	10	7	3	6	5	2	1	4	8	11	9	0		66+
3.	2	3	0	1	4	5	7	6	9	10	8	11		66+
4.	1	2	6	7	3	9	4	8	10	5	0	11		66+
5.	2	3	0	1	4	5	7	6	9	10	8	11		66+
6.	1	2	6	7	3	9	4	8	10	5	0	11		66+
7.	2	1	4	0	6	9	11	8	3	10	5	7		66+
8.	5	4	3	11	0	9	6	8	7	2	10	1		66+
9.	10	7	3	6	5	2	1	4	8	11	9	0		66+
10.	1	10	4	3	5	7	8	9	0	6	11	2		66+
														=660
	35+	49+	33+	45+	40+	64+	57+	70+	64+	76+	71+	56	=660

Tablica kosztów
 \	5	15	15	10	
15	10	0	20	11	
25	12	7	9	20	
5	0	14	16	18	

Tablica przewozów
Optymalne rozwiązanie
 \	5	15	15	10	
15	0	15	0	0	
25	0	0	15	10	
5	5	0	0	0	
Funkcja oceny: 335
 indexu = 5
Algorytm genetyczny: 

