Epoka nr 1
MUTACJA dla osobnika nr 2
 \	1.	2.	3.	4.	5.	6.	7.	8.	9.	10.	11.	12.	
1.	2	3	0	1	4	5	7	6	9	10	8	11		66+
2.	1	2	6	7	3	9	4	8	10	5	0	11		66+
3.	10	7	3	6	5	2	1	4	8	11	9	0		66+
4.	1	2	6	7	3	9	4	8	10	5	0	11		66+
5.	5	4	3	11	0	9	6	8	7	2	10	1		66+
6.	1	10	4	3	5	7	8	9	0	6	11	2		66+
7.	1	10	4	3	5	7	8	9	0	6	11	2		66+
8.	10	7	3	6	5	2	1	4	8	11	9	0		66+
9.	2	1	4	0	6	9	11	8	3	10	5	7		66+
10.	2	3	0	1	4	5	7	6	9	10	8	11		66+
														=660
	35+	49+	33+	45+	40+	64+	57+	70+	64+	76+	71+	56	=660
Wylosowano kolumny {2, 7, 8, 10}
Wylosowano wiersze {3, 5, 8}
Podmacierz W wylosowanych punktów
 \	2.	7.	8.	10.	
3.	7	1	4	11	
5.	4	6	8	2	
8.	7	1	4	11	
Zauważmy, że sourw[1] = 23, sourw[2] = 20, sourw[3] = 23, destw[1] = 18, destw[2] = 8, destw[3] = 16, destw[4] = 24
										
Po ponownej inicjalizacji macierzy W może ona przyjąć nastepującą postać
 \	2.	7.	8.	10.	
3.	0	0	16	7	
5.	18	2	0	0	
8.	0	6	0	17	

Populacja nr 2 po wykonaniu mutacji
 \	1.	2.	3.	4.	5.	6.	7.	8.	9.	10.	11.	12.	
1.	2	3	0	1	4	5	7	6	9	10	8	11	66
2.	1	2	6	7	3	9	4	8	10	5	0	11	66
3.	10	0	3	6	5	2	0	16	8	7	9	0	66
4.	1	2	6	7	3	9	4	8	10	5	0	11	66
5.	5	18	3	11	0	9	2	0	7	0	10	1	66
6.	1	10	4	3	5	7	8	9	0	6	11	2	66
7.	1	10	4	3	5	7	8	9	0	6	11	2	66
8.	10	0	3	6	5	2	6	0	8	17	9	0	66
9.	2	1	4	0	6	9	11	8	3	10	5	7	66
10.	2	3	0	1	4	5	7	6	9	10	8	11	66
													=660
35	49	33	45	40	64	57	70	64	76	71	56	=660

KRZYŻOWANIE dla osobnika 5ego z 1im
				OSOBNIK NR5 - V1 											OSOBNIK NR1 - V2
 \	1.	2.	3.	4.	5.	6.	7.	8.	9.	10.	11.	12.			 \	1.	2.	3.	4.	5.	6.	7.	8.	9.	10.	11.	12.	
1.	1	10	4	3	5	7	8	9	0	6	11	2			1.	1	10	4	3	5	7	8	9	0	6	11	2	
2.	10	7	3	0	12	2	0	4	8	11	9	0			2.	10	7	3	6	5	2	1	4	8	11	9	0	
3.	2	3	0	1	4	5	7	6	9	10	8	11			3.	5	4	3	11	0	9	6	8	7	2	10	1	
4.	1	2	6	7	3	9	4	8	10	5	0	11			4.	2	1	4	0	6	9	11	8	3	10	5	7	
5.	2	3	0	14	0	5	0	6	7	10	8	11			5.	1	2	6	7	3	9	4	8	10	5	0	11	
6.	1	2	6	0	0	9	12	8	12	5	0	11			6.	2	3	0	1	4	5	7	6	9	10	8	11	
7.	2	1	4	0	6	9	11	8	3	10	5	7			7.	1	2	6	7	3	9	4	8	10	5	0	11	
8.	5	4	3	11	0	9	6	8	7	2	10	1			8.	2	3	0	1	4	5	7	6	9	10	8	11	
9.	10	7	3	6	5	2	1	4	8	11	9	0			9.	10	7	3	6	5	2	1	4	8	11	9	0	
10.	1	10	4	3	5	7	8	9	0	6	11	2			10.	1	10	4	3	5	7	8	9	0	6	11	2	

				OSOBNIK NR5 - DIV 											OSOBNIK NR1 - REM
 \	1.	2.	3.	4.	5.	6.	7.	8.	9.	10.	11.	12.			 \	1.	2.	3.	4.	5.	6.	7.	8.	9.	10.	11.	12.	
1.	1	10	4	3	5	7	8	9	0	6	11	2			1.	0	0	0	0	0	0	0	0	0	0	0	0	0
2.	10	7	3	3	8	2	0	4	8	11	9	0			2.	0	0	0	0	1	0	1	0	0	0	0	0	2
3.	3	3	1	6	2	7	6	7	8	6	9	6			3.	1	1	1	0	0	0	1	0	0	0	0	0	4
4.	1	1	5	3	4	9	7	8	6	7	2	9			4.	1	1	0	1	1	0	1	0	1	1	1	0	8
5.	1	2	3	10	1	7	2	7	8	7	4	11			5.	1	1	0	1	1	0	0	0	1	1	0	0	6
6.	1	2	3	0	2	7	9	7	10	7	4	11			6.	1	1	0	1	0	0	1	0	1	1	0	0	6
7.	1	1	5	3	4	9	7	8	6	7	2	9			7.	1	1	0	1	1	0	1	0	1	1	1	0	8
8.	3	3	1	6	2	7	6	7	8	6	9	6			8.	1	1	1	0	0	0	1	0	0	0	0	0	4
9.	10	7	3	6	5	2	1	4	8	11	9	0			9.	0	0	0	0	0	0	0	0	0	0	0	0	0
10.	1	10	4	3	5	7	8	9	0	6	11	2			10.	0	0	0	0	0	0	0	0	0	0	0	0	0
																6	6	2	4	4	0	6	0	4	4	2	0

				OSOBNIK NR5 - REM1 											OSOBNIK NR1 - REM2
 \	1.	2.	3.	4.	5.	6.	7.	8.	9.	10.	11.	12.			 \	1.	2.	3.	4.	5.	6.	7.	8.	9.	10.	11.	12.	
1.	0	0	0	0	0	0	0	0	0	0	0	0	0		1.	0	0	0	0	0	0	0	0	0	0	0	0	0
2.	0	0	0	0	1	0	0	0	0	0	0	0	1		2.	0	0	0	0	0	0	1	0	0	0	0	0	1
3.	1	1	0	0	0	0	0	0	0	0	0	0	2		3.	0	0	1	0	0	0	1	0	0	0	0	0	2
4.	1	1	0	1	1	0	0	0	0	0	0	0	4		4.	0	0	0	0	0	0	1	0	1	1	1	0	4
5.	1	1	0	1	0	0	0	0	0	0	0	0	3		5.	0	0	0	0	1	0	0	0	1	1	0	0	3
6.	0	0	0	0	0	0	1	0	1	1	0	0	3		6.	1	1	0	1	0	0	0	0	0	0	0	0	3
7.	0	0	0	0	0	0	1	0	1	1	1	0	4		7.	1	1	0	1	1	0	0	0	0	0	0	0	4
8.	0	0	1	0	0	0	1	0	0	0	0	0	2		8.	1	1	0	0	0	0	0	0	0	0	0	0	2
9.	0	0	0	0	0	0	0	0	0	0	0	0	0		9.	0	0	0	0	0	0	0	0	0	0	0	0	0
10.	0	0	0	0	0	0	0	0	0	0	0	0	0		10.	0	0	0	0	0	0	0	0	0	0	0	0	0
	3	3	1	2	2	0	3	0	2	2	1	0			 	3	3	1	2	2	0	3	0	2	2	1	0	

				OSOBNIK NR5 - V3 											OSOBNIK NR1 - V4
 \	1.	2.	3.	4.	5.	6.	7.	8.	9.	10.	11.	12.			 \	1.	2.	3.	4.	5.	6.	7.	8.	9.	10.	11.	12.	
1.	1	10	4	3	5	7	8	9	0	6	11	2			1.	1	10	4	3	5	7	8	9	0	6	11	2	
2.	10	7	3	3	9	2	0	4	8	11	9	0			2.	10	7	3	3	8	2	1	4	8	11	9	0	
3.	4	4	1	6	2	7	6	7	8	6	9	6			3.	3	3	2	6	2	7	7	7	8	6	9	6	
4.	2	2	5	4	5	9	7	8	6	7	2	9			4.	1	1	5	3	4	9	8	8	7	8	3	9	
5.	2	3	3	11	1	7	2	7	8	7	4	11			5.	1	2	3	10	2	7	2	7	9	8	4	11	
6.	1	2	3	0	2	7	10	7	11	8	4	11			6.	2	3	3	1	2	7	9	7	10	7	4	11	
7.	1	1	5	3	4	9	8	8	7	8	3	9			7.	2	2	5	4	5	9	7	8	6	7	2	9	
8.	3	3	2	6	2	7	7	7	8	6	9	6			8.	4	4	1	6	2	7	6	7	8	6	9	6	
9.	10	7	3	6	5	2	1	4	8	11	9	0			9.	10	7	3	6	5	2	1	4	8	11	9	0	
10.	1	10	4	3	5	7	8	9	0	6	11	2			10.	1	10	4	3	5	7	8	9	0	6	11	2	
	
Osobnik nr 1
 \	5	15	15	10	
15	10	0	20	11	
25	12	7	9	20	
5	0	14	16	18	

Tablica przewozów
Optymalne rozwiązanie
 \	5	15	15	10	
15	0	15	0	0	
25	5	0	10	10	
5	0	0	5	0	
Funkcja oceny: 430
 indexu = 0
Osobnik nr 2
 \	5	15	15	10	
15	10	0	20	11	
25	12	7	9	20	
5	0	14	16	18	

Tablica przewozów
Optymalne rozwiązanie
 \	5	15	15	10	
15	0	0	15	0	
25	5	15	0	5	
5	0	0	0	5	
Funkcja oceny: 655
 indexu = 9
Osobnik nr 3
 \	5	15	15	10	
15	10	0	20	11	
25	12	7	9	20	
5	0	14	16	18	

Tablica przewozów
Optymalne rozwiązanie
 \	5	15	15	10	
15	0	0	15	0	
25	5	10	0	10	
5	0	5	0	0	
Funkcja oceny: 700
 indexu = 9
Osobnik nr 4
 \	5	15	15	10	
15	10	0	20	11	
25	12	7	9	20	
5	0	14	16	18	

Tablica przewozów
Optymalne rozwiązanie
 \	5	15	15	10	
15	0	15	0	0	
25	5	0	10	10	
5	0	0	5	0	
Funkcja oceny: 430
 indexu = 6
Osobnik nr 5
 \	5	15	15	10	
15	10	0	20	11	
25	12	7	9	20	
5	0	14	16	18	

Tablica przewozów
Optymalne rozwiązanie
 \	5	15	15	10	
15	0	15	0	0	
25	5	0	10	10	
5	0	0	5	0	
Funkcja oceny: 430
 indexu = 9
