Problem transportowy
Osobnik nr 1
 \	1.	2.	3.	4.	5.	6.	7.	8.	9.	10.	11.	12.	
1.	7	1	6	2	4	11	9	8	0	10	5	3		66+
2.	5	3	9	0	11	8	4	1	10	7	2	6		66+
3.	10	4	1	11	3	5	8	6	7	0	2	9		66+
4.	5	3	9	0	11	8	4	1	10	7	2	6		66+
5.	11	5	10	4	1	7	2	0	3	8	9	6		66+
6.	5	9	2	0	7	1	4	11	3	6	8	10		66+
7.	8	9	10	11	7	4	6	2	5	3	0	1		66+
8.	10	4	1	11	3	5	8	6	7	0	2	9		66+
9.	5	3	9	0	11	8	4	1	10	7	2	6		66+
10.	5	3	9	0	11	8	4	1	10	7	2	6		66+
														=660
	71+	44+	66+	39+	69+	65+	53+	37+	65+	55+	34+	62	=660

Tablica kosztów
 \	5	15	15	10	
15	10	0	20	11	
25	12	7	9	20	
5	0	14	16	18	

Tablica przewozów
Optymalne rozwiązanie
 \	5	15	15	10	
15	0	15	0	0	
25	0	0	15	10	
5	5	0	0	0	
Funkcja oceny: 335
 indexu = 6
Osobnik nr 2
 \	1.	2.	3.	4.	5.	6.	7.	8.	9.	10.	11.	12.	
1.	7	1	6	2	4	11	9	8	0	10	5	3		66+
2.	5	3	9	0	11	8	4	1	10	7	2	6		66+
3.	5	3	9	0	11	8	4	1	10	7	2	6		66+
4.	5	9	2	0	7	1	4	11	3	6	8	10		66+
5.	5	3	9	0	11	8	4	1	10	7	2	6		66+
6.	11	5	10	4	1	7	2	0	3	8	9	6		66+
7.	10	4	1	11	3	5	8	6	7	0	2	9		66+
8.	10	4	1	11	3	5	8	6	7	0	2	9		66+
9.	5	3	9	0	11	8	4	1	10	7	2	6		66+
10.	8	9	10	11	7	4	6	2	5	3	0	1		66+
														=660
	71+	44+	66+	39+	69+	65+	53+	37+	65+	55+	34+	62	=660

Tablica kosztów
 \	5	15	15	10	
15	10	0	20	11	
25	12	7	9	20	
5	0	14	16	18	

Tablica przewozów
Optymalne rozwiązanie
 \	5	15	15	10	
15	0	15	0	0	
25	0	0	15	10	
5	5	0	0	0	
Funkcja oceny: 335
 indexu = 9
Osobnik nr 3
 \	1.	2.	3.	4.	5.	6.	7.	8.	9.	10.	11.	12.	
1.	5	3	9	0	11	8	4	1	10	7	2	6		66+
2.	7	1	6	2	4	11	9	8	0	10	5	3		66+
3.	5	3	9	0	11	8	4	1	10	7	2	6		66+
4.	5	3	9	0	11	8	4	1	10	7	2	6		66+
5.	10	4	1	11	3	5	8	6	7	0	2	9		66+
6.	8	9	10	11	7	4	6	2	5	3	0	1		66+
7.	5	3	9	0	11	8	4	1	10	7	2	6		66+
8.	11	5	10	4	1	7	2	0	3	8	9	6		66+
9.	10	4	1	11	3	5	8	6	7	0	2	9		66+
10.	5	9	2	0	7	1	4	11	3	6	8	10		66+
														=660
	71+	44+	66+	39+	69+	65+	53+	37+	65+	55+	34+	62	=660

Tablica kosztów
 \	5	15	15	10	
15	10	0	20	11	
25	12	7	9	20	
5	0	14	16	18	

Tablica przewozów
Optymalne rozwiązanie
 \	5	15	15	10	
15	0	15	0	0	
25	0	0	15	10	
5	5	0	0	0	
Funkcja oceny: 335
 indexu = 5
Osobnik nr 4
 \	1.	2.	3.	4.	5.	6.	7.	8.	9.	10.	11.	12.	
1.	7	1	6	2	4	11	9	8	0	10	5	3		66+
2.	8	9	10	11	7	4	6	2	5	3	0	1		66+
3.	11	5	10	4	1	7	2	0	3	8	9	6		66+
4.	5	3	9	0	11	8	4	1	10	7	2	6		66+
5.	5	9	2	0	7	1	4	11	3	6	8	10		66+
6.	5	3	9	0	11	8	4	1	10	7	2	6		66+
7.	5	3	9	0	11	8	4	1	10	7	2	6		66+
8.	10	4	1	11	3	5	8	6	7	0	2	9		66+
9.	10	4	1	11	3	5	8	6	7	0	2	9		66+
10.	5	3	9	0	11	8	4	1	10	7	2	6		66+
														=660
	71+	44+	66+	39+	69+	65+	53+	37+	65+	55+	34+	62	=660

Tablica kosztów
 \	5	15	15	10	
15	10	0	20	11	
25	12	7	9	20	
5	0	14	16	18	

Tablica przewozów
Optymalne rozwiązanie
 \	5	15	15	10	
15	0	15	0	0	
25	0	0	15	10	
5	5	0	0	0	
Funkcja oceny: 335
 indexu = 1
Osobnik nr 5
 \	1.	2.	3.	4.	5.	6.	7.	8.	9.	10.	11.	12.	
1.	5	9	2	0	7	1	4	11	3	6	8	10		66+
2.	5	3	9	0	11	8	4	1	10	7	2	6		66+
3.	10	4	1	11	3	5	8	6	7	0	2	9		66+
4.	5	3	9	0	11	8	4	1	10	7	2	6		66+
5.	7	1	6	2	4	11	9	8	0	10	5	3		66+
6.	10	4	1	11	3	5	8	6	7	0	2	9		66+
7.	5	3	9	0	11	8	4	1	10	7	2	6		66+
8.	11	5	10	4	1	7	2	0	3	8	9	6		66+
9.	5	3	9	0	11	8	4	1	10	7	2	6		66+
10.	8	9	10	11	7	4	6	2	5	3	0	1		66+
														=660
	71+	44+	66+	39+	69+	65+	53+	37+	65+	55+	34+	62	=660

Tablica kosztów
 \	5	15	15	10	
15	10	0	20	11	
25	12	7	9	20	
5	0	14	16	18	

Tablica przewozów
Optymalne rozwiązanie
 \	5	15	15	10	
15	0	15	0	0	
25	0	0	15	10	
5	5	0	0	0	
Funkcja oceny: 335
 indexu = 9
Osobnik nr 6
 \	1.	2.	3.	4.	5.	6.	7.	8.	9.	10.	11.	12.	
1.	5	3	9	0	11	8	4	1	10	7	2	6		66+
2.	11	5	10	4	1	7	2	0	3	8	9	6		66+
3.	10	4	1	11	3	5	8	6	7	0	2	9		66+
4.	7	1	6	2	4	11	9	8	0	10	5	3		66+
5.	5	9	2	0	7	1	4	11	3	6	8	10		66+
6.	5	3	9	0	11	8	4	1	10	7	2	6		66+
7.	10	4	1	11	3	5	8	6	7	0	2	9		66+
8.	5	3	9	0	11	8	4	1	10	7	2	6		66+
9.	8	9	10	11	7	4	6	2	5	3	0	1		66+
10.	5	3	9	0	11	8	4	1	10	7	2	6		66+
														=660
	71+	44+	66+	39+	69+	65+	53+	37+	65+	55+	34+	62	=660

Tablica kosztów
 \	5	15	15	10	
15	10	0	20	11	
25	12	7	9	20	
5	0	14	16	18	

Tablica przewozów
Optymalne rozwiązanie
 \	5	15	15	10	
15	0	15	0	0	
25	0	0	15	10	
5	5	0	0	0	
Funkcja oceny: 335
 indexu = 8
Osobnik nr 7
 \	1.	2.	3.	4.	5.	6.	7.	8.	9.	10.	11.	12.	
1.	5	3	9	0	11	8	4	1	10	7	2	6		66+
2.	8	9	10	11	7	4	6	2	5	3	0	1		66+
3.	5	3	9	0	11	8	4	1	10	7	2	6		66+
4.	10	4	1	11	3	5	8	6	7	0	2	9		66+
5.	10	4	1	11	3	5	8	6	7	0	2	9		66+
6.	11	5	10	4	1	7	2	0	3	8	9	6		66+
7.	5	3	9	0	11	8	4	1	10	7	2	6		66+
8.	7	1	6	2	4	11	9	8	0	10	5	3		66+
9.	5	9	2	0	7	1	4	11	3	6	8	10		66+
10.	5	3	9	0	11	8	4	1	10	7	2	6		66+
														=660
	71+	44+	66+	39+	69+	65+	53+	37+	65+	55+	34+	62	=660

Tablica kosztów
 \	5	15	15	10	
15	10	0	20	11	
25	12	7	9	20	
5	0	14	16	18	

Tablica przewozów
Optymalne rozwiązanie
 \	5	15	15	10	
15	0	15	0	0	
25	0	0	15	10	
5	5	0	0	0	
Funkcja oceny: 335
 indexu = 1
Osobnik nr 8
 \	1.	2.	3.	4.	5.	6.	7.	8.	9.	10.	11.	12.	
1.	5	3	9	0	11	8	4	1	10	7	2	6		66+
2.	5	3	9	0	11	8	4	1	10	7	2	6		66+
3.	5	3	9	0	11	8	4	1	10	7	2	6		66+
4.	10	4	1	11	3	5	8	6	7	0	2	9		66+
5.	5	3	9	0	11	8	4	1	10	7	2	6		66+
6.	10	4	1	11	3	5	8	6	7	0	2	9		66+
7.	11	5	10	4	1	7	2	0	3	8	9	6		66+
8.	8	9	10	11	7	4	6	2	5	3	0	1		66+
9.	5	9	2	0	7	1	4	11	3	6	8	10		66+
10.	7	1	6	2	4	11	9	8	0	10	5	3		66+
														=660
	71+	44+	66+	39+	69+	65+	53+	37+	65+	55+	34+	62	=660

Tablica kosztów
 \	5	15	15	10	
15	10	0	20	11	
25	12	7	9	20	
5	0	14	16	18	

Tablica przewozów
Optymalne rozwiązanie
 \	5	15	15	10	
15	0	15	0	0	
25	0	0	15	10	
5	5	0	0	0	
Funkcja oceny: 335
 indexu = 9
Osobnik nr 9
 \	1.	2.	3.	4.	5.	6.	7.	8.	9.	10.	11.	12.	
1.	11	5	10	4	1	7	2	0	3	8	9	6		66+
2.	5	9	2	0	7	1	4	11	3	6	8	10		66+
3.	8	9	10	11	7	4	6	2	5	3	0	1		66+
4.	10	4	1	11	3	5	8	6	7	0	2	9		66+
5.	5	3	9	0	11	8	4	1	10	7	2	6		66+
6.	7	1	6	2	4	11	9	8	0	10	5	3		66+
7.	5	3	9	0	11	8	4	1	10	7	2	6		66+
8.	5	3	9	0	11	8	4	1	10	7	2	6		66+
9.	5	3	9	0	11	8	4	1	10	7	2	6		66+
10.	10	4	1	11	3	5	8	6	7	0	2	9		66+
														=660
	71+	44+	66+	39+	69+	65+	53+	37+	65+	55+	34+	62	=660

Tablica kosztów
 \	5	15	15	10	
15	10	0	20	11	
25	12	7	9	20	
5	0	14	16	18	

Tablica przewozów
Optymalne rozwiązanie
 \	5	15	15	10	
15	0	15	0	0	
25	0	0	15	10	
5	5	0	0	0	
Funkcja oceny: 335
 indexu = 5
Osobnik nr 10
 \	1.	2.	3.	4.	5.	6.	7.	8.	9.	10.	11.	12.	
1.	7	1	6	2	4	11	9	8	0	10	5	3		66+
2.	5	3	9	0	11	8	4	1	10	7	2	6		66+
3.	5	3	9	0	11	8	4	1	10	7	2	6		66+
4.	8	9	10	11	7	4	6	2	5	3	0	1		66+
5.	5	9	2	0	7	1	4	11	3	6	8	10		66+
6.	5	3	9	0	11	8	4	1	10	7	2	6		66+
7.	10	4	1	11	3	5	8	6	7	0	2	9		66+
8.	10	4	1	11	3	5	8	6	7	0	2	9		66+
9.	5	3	9	0	11	8	4	1	10	7	2	6		66+
10.	11	5	10	4	1	7	2	0	3	8	9	6		66+
														=660
	71+	44+	66+	39+	69+	65+	53+	37+	65+	55+	34+	62	=660

Tablica kosztów
 \	5	15	15	10	
15	10	0	20	11	
25	12	7	9	20	
5	0	14	16	18	

Tablica przewozów
Optymalne rozwiązanie
 \	5	15	15	10	
15	0	15	0	0	
25	0	0	15	10	
5	5	0	0	0	
Funkcja oceny: 335
 indexu = 0
Osobnik nr 11
 \	1.	2.	3.	4.	5.	6.	7.	8.	9.	10.	11.	12.	
1.	5	3	9	0	11	8	4	1	10	7	2	6		66+
2.	5	9	2	0	7	1	4	11	3	6	8	10		66+
3.	10	4	1	11	3	5	8	6	7	0	2	9		66+
4.	5	3	9	0	11	8	4	1	10	7	2	6		66+
5.	11	5	10	4	1	7	2	0	3	8	9	6		66+
6.	10	4	1	11	3	5	8	6	7	0	2	9		66+
7.	8	9	10	11	7	4	6	2	5	3	0	1		66+
8.	7	1	6	2	4	11	9	8	0	10	5	3		66+
9.	5	3	9	0	11	8	4	1	10	7	2	6		66+
10.	5	3	9	0	11	8	4	1	10	7	2	6		66+
														=660
	71+	44+	66+	39+	69+	65+	53+	37+	65+	55+	34+	62	=660

Tablica kosztów
 \	5	15	15	10	
15	10	0	20	11	
25	12	7	9	20	
5	0	14	16	18	

Tablica przewozów
Optymalne rozwiązanie
 \	5	15	15	10	
15	0	15	0	0	
25	0	0	15	10	
5	5	0	0	0	
Funkcja oceny: 335
 indexu = 7
Osobnik nr 12
 \	1.	2.	3.	4.	5.	6.	7.	8.	9.	10.	11.	12.	
1.	7	1	6	2	4	11	9	8	0	10	5	3		66+
2.	11	5	10	4	1	7	2	0	3	8	9	6		66+
3.	8	9	10	11	7	4	6	2	5	3	0	1		66+
4.	10	4	1	11	3	5	8	6	7	0	2	9		66+
5.	5	3	9	0	11	8	4	1	10	7	2	6		66+
6.	10	4	1	11	3	5	8	6	7	0	2	9		66+
7.	5	3	9	0	11	8	4	1	10	7	2	6		66+
8.	5	9	2	0	7	1	4	11	3	6	8	10		66+
9.	5	3	9	0	11	8	4	1	10	7	2	6		66+
10.	5	3	9	0	11	8	4	1	10	7	2	6		66+
														=660
	71+	44+	66+	39+	69+	65+	53+	37+	65+	55+	34+	62	=660

Tablica kosztów
 \	5	15	15	10	
15	10	0	20	11	
25	12	7	9	20	
5	0	14	16	18	

Tablica przewozów
Optymalne rozwiązanie
 \	5	15	15	10	
15	0	15	0	0	
25	0	0	15	10	
5	5	0	0	0	
Funkcja oceny: 335
 indexu = 0
Osobnik nr 13
 \	1.	2.	3.	4.	5.	6.	7.	8.	9.	10.	11.	12.	
1.	10	4	1	11	3	5	8	6	7	0	2	9		66+
2.	5	3	9	0	11	8	4	1	10	7	2	6		66+
3.	5	9	2	0	7	1	4	11	3	6	8	10		66+
4.	5	3	9	0	11	8	4	1	10	7	2	6		66+
5.	5	3	9	0	11	8	4	1	10	7	2	6		66+
6.	5	3	9	0	11	8	4	1	10	7	2	6		66+
7.	11	5	10	4	1	7	2	0	3	8	9	6		66+
8.	8	9	10	11	7	4	6	2	5	3	0	1		66+
9.	7	1	6	2	4	11	9	8	0	10	5	3		66+
10.	10	4	1	11	3	5	8	6	7	0	2	9		66+
														=660
	71+	44+	66+	39+	69+	65+	53+	37+	65+	55+	34+	62	=660

Tablica kosztów
 \	5	15	15	10	
15	10	0	20	11	
25	12	7	9	20	
5	0	14	16	18	

Tablica przewozów
Optymalne rozwiązanie
 \	5	15	15	10	
15	0	15	0	0	
25	0	0	15	10	
5	5	0	0	0	
Funkcja oceny: 335
 indexu = 8
Osobnik nr 14
 \	1.	2.	3.	4.	5.	6.	7.	8.	9.	10.	11.	12.	
1.	10	4	1	11	3	5	8	6	7	0	2	9		66+
2.	5	3	9	0	11	8	4	1	10	7	2	6		66+
3.	5	3	9	0	11	8	4	1	10	7	2	6		66+
4.	5	3	9	0	11	8	4	1	10	7	2	6		66+
5.	7	1	6	2	4	11	9	8	0	10	5	3		66+
6.	10	4	1	11	3	5	8	6	7	0	2	9		66+
7.	11	5	10	4	1	7	2	0	3	8	9	6		66+
8.	5	3	9	0	11	8	4	1	10	7	2	6		66+
9.	8	9	10	11	7	4	6	2	5	3	0	1		66+
10.	5	9	2	0	7	1	4	11	3	6	8	10		66+
														=660
	71+	44+	66+	39+	69+	65+	53+	37+	65+	55+	34+	62	=660

Tablica kosztów
 \	5	15	15	10	
15	10	0	20	11	
25	12	7	9	20	
5	0	14	16	18	

Tablica przewozów
Optymalne rozwiązanie
 \	5	15	15	10	
15	0	15	0	0	
25	0	0	15	10	
5	5	0	0	0	
Funkcja oceny: 335
 indexu = 4
Osobnik nr 15
 \	1.	2.	3.	4.	5.	6.	7.	8.	9.	10.	11.	12.	
1.	10	4	1	11	3	5	8	6	7	0	2	9		66+
2.	5	3	9	0	11	8	4	1	10	7	2	6		66+
3.	5	3	9	0	11	8	4	1	10	7	2	6		66+
4.	8	9	10	11	7	4	6	2	5	3	0	1		66+
5.	5	3	9	0	11	8	4	1	10	7	2	6		66+
6.	7	1	6	2	4	11	9	8	0	10	5	3		66+
7.	5	3	9	0	11	8	4	1	10	7	2	6		66+
8.	5	9	2	0	7	1	4	11	3	6	8	10		66+
9.	11	5	10	4	1	7	2	0	3	8	9	6		66+
10.	10	4	1	11	3	5	8	6	7	0	2	9		66+
														=660
	71+	44+	66+	39+	69+	65+	53+	37+	65+	55+	34+	62	=660

Tablica kosztów
 \	5	15	15	10	
15	10	0	20	11	
25	12	7	9	20	
5	0	14	16	18	

Tablica przewozów
Optymalne rozwiązanie
 \	5	15	15	10	
15	0	15	0	0	
25	0	0	15	10	
5	5	0	0	0	
Funkcja oceny: 335
 indexu = 3
Osobnik nr 16
 \	1.	2.	3.	4.	5.	6.	7.	8.	9.	10.	11.	12.	
1.	5	3	9	0	11	8	4	1	10	7	2	6		66+
2.	5	3	9	0	11	8	4	1	10	7	2	6		66+
3.	10	4	1	11	3	5	8	6	7	0	2	9		66+
4.	5	3	9	0	11	8	4	1	10	7	2	6		66+
5.	7	1	6	2	4	11	9	8	0	10	5	3		66+
6.	5	3	9	0	11	8	4	1	10	7	2	6		66+
7.	10	4	1	11	3	5	8	6	7	0	2	9		66+
8.	8	9	10	11	7	4	6	2	5	3	0	1		66+
9.	11	5	10	4	1	7	2	0	3	8	9	6		66+
10.	5	9	2	0	7	1	4	11	3	6	8	10		66+
														=660
	71+	44+	66+	39+	69+	65+	53+	37+	65+	55+	34+	62	=660

Tablica kosztów
 \	5	15	15	10	
15	10	0	20	11	
25	12	7	9	20	
5	0	14	16	18	

Tablica przewozów
Optymalne rozwiązanie
 \	5	15	15	10	
15	0	15	0	0	
25	0	0	15	10	
5	5	0	0	0	
Funkcja oceny: 335
 indexu = 7
Osobnik nr 17
 \	1.	2.	3.	4.	5.	6.	7.	8.	9.	10.	11.	12.	
1.	5	3	9	0	11	8	4	1	10	7	2	6		66+
2.	10	4	1	11	3	5	8	6	7	0	2	9		66+
3.	5	3	9	0	11	8	4	1	10	7	2	6		66+
4.	10	4	1	11	3	5	8	6	7	0	2	9		66+
5.	5	3	9	0	11	8	4	1	10	7	2	6		66+
6.	7	1	6	2	4	11	9	8	0	10	5	3		66+
7.	11	5	10	4	1	7	2	0	3	8	9	6		66+
8.	5	9	2	0	7	1	4	11	3	6	8	10		66+
9.	5	3	9	0	11	8	4	1	10	7	2	6		66+
10.	8	9	10	11	7	4	6	2	5	3	0	1		66+
														=660
	71+	44+	66+	39+	69+	65+	53+	37+	65+	55+	34+	62	=660

Tablica kosztów
 \	5	15	15	10	
15	10	0	20	11	
25	12	7	9	20	
5	0	14	16	18	

Tablica przewozów
Optymalne rozwiązanie
 \	5	15	15	10	
15	0	15	0	0	
25	0	0	15	10	
5	5	0	0	0	
Funkcja oceny: 335
 indexu = 9
Osobnik nr 18
 \	1.	2.	3.	4.	5.	6.	7.	8.	9.	10.	11.	12.	
1.	11	5	10	4	1	7	2	0	3	8	9	6		66+
2.	8	9	10	11	7	4	6	2	5	3	0	1		66+
3.	5	3	9	0	11	8	4	1	10	7	2	6		66+
4.	5	3	9	0	11	8	4	1	10	7	2	6		66+
5.	7	1	6	2	4	11	9	8	0	10	5	3		66+
6.	10	4	1	11	3	5	8	6	7	0	2	9		66+
7.	10	4	1	11	3	5	8	6	7	0	2	9		66+
8.	5	3	9	0	11	8	4	1	10	7	2	6		66+
9.	5	9	2	0	7	1	4	11	3	6	8	10		66+
10.	5	3	9	0	11	8	4	1	10	7	2	6		66+
														=660
	71+	44+	66+	39+	69+	65+	53+	37+	65+	55+	34+	62	=660

Tablica kosztów
 \	5	15	15	10	
15	10	0	20	11	
25	12	7	9	20	
5	0	14	16	18	

Tablica przewozów
Optymalne rozwiązanie
 \	5	15	15	10	
15	0	15	0	0	
25	0	0	15	10	
5	5	0	0	0	
Funkcja oceny: 335
 indexu = 4
Osobnik nr 19
 \	1.	2.	3.	4.	5.	6.	7.	8.	9.	10.	11.	12.	
1.	5	3	9	0	11	8	4	1	10	7	2	6		66+
2.	5	3	9	0	11	8	4	1	10	7	2	6		66+
3.	10	4	1	11	3	5	8	6	7	0	2	9		66+
4.	5	3	9	0	11	8	4	1	10	7	2	6		66+
5.	7	1	6	2	4	11	9	8	0	10	5	3		66+
6.	8	9	10	11	7	4	6	2	5	3	0	1		66+
7.	5	9	2	0	7	1	4	11	3	6	8	10		66+
8.	10	4	1	11	3	5	8	6	7	0	2	9		66+
9.	5	3	9	0	11	8	4	1	10	7	2	6		66+
10.	11	5	10	4	1	7	2	0	3	8	9	6		66+
														=660
	71+	44+	66+	39+	69+	65+	53+	37+	65+	55+	34+	62	=660

Tablica kosztów
 \	5	15	15	10	
15	10	0	20	11	
25	12	7	9	20	
5	0	14	16	18	

Tablica przewozów
Optymalne rozwiązanie
 \	5	15	15	10	
15	0	15	0	0	
25	0	0	15	10	
5	5	0	0	0	
Funkcja oceny: 335
 indexu = 5
Osobnik nr 20
 \	1.	2.	3.	4.	5.	6.	7.	8.	9.	10.	11.	12.	
1.	5	3	9	0	11	8	4	1	10	7	2	6		66+
2.	10	4	1	11	3	5	8	6	7	0	2	9		66+
3.	5	3	9	0	11	8	4	1	10	7	2	6		66+
4.	5	3	9	0	11	8	4	1	10	7	2	6		66+
5.	7	1	6	2	4	11	9	8	0	10	5	3		66+
6.	8	9	10	11	7	4	6	2	5	3	0	1		66+
7.	11	5	10	4	1	7	2	0	3	8	9	6		66+
8.	5	3	9	0	11	8	4	1	10	7	2	6		66+
9.	5	9	2	0	7	1	4	11	3	6	8	10		66+
10.	10	4	1	11	3	5	8	6	7	0	2	9		66+
														=660
	71+	44+	66+	39+	69+	65+	53+	37+	65+	55+	34+	62	=660

Tablica kosztów
 \	5	15	15	10	
15	10	0	20	11	
25	12	7	9	20	
5	0	14	16	18	

Tablica przewozów
Optymalne rozwiązanie
 \	5	15	15	10	
15	0	15	0	0	
25	0	0	15	10	
5	5	0	0	0	
Funkcja oceny: 335
 indexu = 5
Osobnik nr 21
 \	1.	2.	3.	4.	5.	6.	7.	8.	9.	10.	11.	12.	
1.	8	9	10	11	7	4	6	2	5	3	0	1		66+
2.	10	4	1	11	3	5	8	6	7	0	2	9		66+
3.	5	3	9	0	11	8	4	1	10	7	2	6		66+
4.	5	3	9	0	11	8	4	1	10	7	2	6		66+
5.	10	4	1	11	3	5	8	6	7	0	2	9		66+
6.	7	1	6	2	4	11	9	8	0	10	5	3		66+
7.	5	3	9	0	11	8	4	1	10	7	2	6		66+
8.	5	9	2	0	7	1	4	11	3	6	8	10		66+
9.	5	3	9	0	11	8	4	1	10	7	2	6		66+
10.	11	5	10	4	1	7	2	0	3	8	9	6		66+
														=660
	71+	44+	66+	39+	69+	65+	53+	37+	65+	55+	34+	62	=660

Tablica kosztów
 \	5	15	15	10	
15	10	0	20	11	
25	12	7	9	20	
5	0	14	16	18	

Tablica przewozów
Optymalne rozwiązanie
 \	5	15	15	10	
15	0	15	0	0	
25	0	0	15	10	
5	5	0	0	0	
Funkcja oceny: 335
 indexu = 5
Osobnik nr 22
 \	1.	2.	3.	4.	5.	6.	7.	8.	9.	10.	11.	12.	
1.	5	3	9	0	11	8	4	1	10	7	2	6		66+
2.	5	3	9	0	11	8	4	1	10	7	2	6		66+
3.	7	1	6	2	4	11	9	8	0	10	5	3		66+
4.	5	9	2	0	7	1	4	11	3	6	8	10		66+
5.	8	9	10	11	7	4	6	2	5	3	0	1		66+
6.	10	4	1	11	3	5	8	6	7	0	2	9		66+
7.	5	3	9	0	11	8	4	1	10	7	2	6		66+
8.	5	3	9	0	11	8	4	1	10	7	2	6		66+
9.	10	4	1	11	3	5	8	6	7	0	2	9		66+
10.	11	5	10	4	1	7	2	0	3	8	9	6		66+
														=660
	71+	44+	66+	39+	69+	65+	53+	37+	65+	55+	34+	62	=660

Tablica kosztów
 \	5	15	15	10	
15	10	0	20	11	
25	12	7	9	20	
5	0	14	16	18	

Tablica przewozów
Optymalne rozwiązanie
 \	5	15	15	10	
15	0	15	0	0	
25	0	0	15	10	
5	5	0	0	0	
Funkcja oceny: 335
 indexu = 4
Osobnik nr 23
 \	1.	2.	3.	4.	5.	6.	7.	8.	9.	10.	11.	12.	
1.	5	3	9	0	11	8	4	1	10	7	2	6		66+
2.	8	9	10	11	7	4	6	2	5	3	0	1		66+
3.	10	4	1	11	3	5	8	6	7	0	2	9		66+
4.	11	5	10	4	1	7	2	0	3	8	9	6		66+
5.	5	3	9	0	11	8	4	1	10	7	2	6		66+
6.	7	1	6	2	4	11	9	8	0	10	5	3		66+
7.	5	3	9	0	11	8	4	1	10	7	2	6		66+
8.	10	4	1	11	3	5	8	6	7	0	2	9		66+
9.	5	3	9	0	11	8	4	1	10	7	2	6		66+
10.	5	9	2	0	7	1	4	11	3	6	8	10		66+
														=660
	71+	44+	66+	39+	69+	65+	53+	37+	65+	55+	34+	62	=660

Tablica kosztów
 \	5	15	15	10	
15	10	0	20	11	
25	12	7	9	20	
5	0	14	16	18	

Tablica przewozów
Optymalne rozwiązanie
 \	5	15	15	10	
15	0	15	0	0	
25	0	0	15	10	
5	5	0	0	0	
Funkcja oceny: 335
 indexu = 1
Osobnik nr 24
 \	1.	2.	3.	4.	5.	6.	7.	8.	9.	10.	11.	12.	
1.	5	3	9	0	11	8	4	1	10	7	2	6		66+
2.	5	3	9	0	11	8	4	1	10	7	2	6		66+
3.	10	4	1	11	3	5	8	6	7	0	2	9		66+
4.	5	9	2	0	7	1	4	11	3	6	8	10		66+
5.	5	3	9	0	11	8	4	1	10	7	2	6		66+
6.	11	5	10	4	1	7	2	0	3	8	9	6		66+
7.	5	3	9	0	11	8	4	1	10	7	2	6		66+
8.	7	1	6	2	4	11	9	8	0	10	5	3		66+
9.	8	9	10	11	7	4	6	2	5	3	0	1		66+
10.	10	4	1	11	3	5	8	6	7	0	2	9		66+
														=660
	71+	44+	66+	39+	69+	65+	53+	37+	65+	55+	34+	62	=660

Tablica kosztów
 \	5	15	15	10	
15	10	0	20	11	
25	12	7	9	20	
5	0	14	16	18	

Tablica przewozów
Optymalne rozwiązanie
 \	5	15	15	10	
15	0	15	0	0	
25	0	0	15	10	
5	5	0	0	0	
Funkcja oceny: 335
 indexu = 7
Osobnik nr 25
 \	1.	2.	3.	4.	5.	6.	7.	8.	9.	10.	11.	12.	
1.	5	3	9	0	11	8	4	1	10	7	2	6		66+
2.	5	3	9	0	11	8	4	1	10	7	2	6		66+
3.	5	3	9	0	11	8	4	1	10	7	2	6		66+
4.	10	4	1	11	3	5	8	6	7	0	2	9		66+
5.	5	3	9	0	11	8	4	1	10	7	2	6		66+
6.	5	9	2	0	7	1	4	11	3	6	8	10		66+
7.	8	9	10	11	7	4	6	2	5	3	0	1		66+
8.	7	1	6	2	4	11	9	8	0	10	5	3		66+
9.	11	5	10	4	1	7	2	0	3	8	9	6		66+
10.	10	4	1	11	3	5	8	6	7	0	2	9		66+
														=660
	71+	44+	66+	39+	69+	65+	53+	37+	65+	55+	34+	62	=660

Tablica kosztów
 \	5	15	15	10	
15	10	0	20	11	
25	12	7	9	20	
5	0	14	16	18	

Tablica przewozów
Optymalne rozwiązanie
 \	5	15	15	10	
15	0	15	0	0	
25	0	0	15	10	
5	5	0	0	0	
Funkcja oceny: 335
 indexu = 7
Osobnik nr 26
 \	1.	2.	3.	4.	5.	6.	7.	8.	9.	10.	11.	12.	
1.	10	4	1	11	3	5	8	6	7	0	2	9		66+
2.	5	9	2	0	7	1	4	11	3	6	8	10		66+
3.	10	4	1	11	3	5	8	6	7	0	2	9		66+
4.	8	9	10	11	7	4	6	2	5	3	0	1		66+
5.	5	3	9	0	11	8	4	1	10	7	2	6		66+
6.	11	5	10	4	1	7	2	0	3	8	9	6		66+
7.	5	3	9	0	11	8	4	1	10	7	2	6		66+
8.	7	1	6	2	4	11	9	8	0	10	5	3		66+
9.	5	3	9	0	11	8	4	1	10	7	2	6		66+
10.	5	3	9	0	11	8	4	1	10	7	2	6		66+
														=660
	71+	44+	66+	39+	69+	65+	53+	37+	65+	55+	34+	62	=660

Tablica kosztów
 \	5	15	15	10	
15	10	0	20	11	
25	12	7	9	20	
5	0	14	16	18	

Tablica przewozów
Optymalne rozwiązanie
 \	5	15	15	10	
15	0	15	0	0	
25	0	0	15	10	
5	5	0	0	0	
Funkcja oceny: 335
 indexu = 3
Osobnik nr 27
 \	1.	2.	3.	4.	5.	6.	7.	8.	9.	10.	11.	12.	
1.	5	3	9	0	11	8	4	1	10	7	2	6		66+
2.	5	3	9	0	11	8	4	1	10	7	2	6		66+
3.	10	4	1	11	3	5	8	6	7	0	2	9		66+
4.	11	5	10	4	1	7	2	0	3	8	9	6		66+
5.	5	3	9	0	11	8	4	1	10	7	2	6		66+
6.	10	4	1	11	3	5	8	6	7	0	2	9		66+
7.	8	9	10	11	7	4	6	2	5	3	0	1		66+
8.	7	1	6	2	4	11	9	8	0	10	5	3		66+
9.	5	9	2	0	7	1	4	11	3	6	8	10		66+
10.	5	3	9	0	11	8	4	1	10	7	2	6		66+
														=660
	71+	44+	66+	39+	69+	65+	53+	37+	65+	55+	34+	62	=660

Tablica kosztów
 \	5	15	15	10	
15	10	0	20	11	
25	12	7	9	20	
5	0	14	16	18	

Tablica przewozów
Optymalne rozwiązanie
 \	5	15	15	10	
15	0	15	0	0	
25	0	0	15	10	
5	5	0	0	0	
Funkcja oceny: 335
 indexu = 6
Osobnik nr 28
 \	1.	2.	3.	4.	5.	6.	7.	8.	9.	10.	11.	12.	
1.	5	3	9	0	11	8	4	1	10	7	2	6		66+
2.	10	4	1	11	3	5	8	6	7	0	2	9		66+
3.	5	3	9	0	11	8	4	1	10	7	2	6		66+
4.	5	3	9	0	11	8	4	1	10	7	2	6		66+
5.	5	3	9	0	11	8	4	1	10	7	2	6		66+
6.	5	9	2	0	7	1	4	11	3	6	8	10		66+
7.	7	1	6	2	4	11	9	8	0	10	5	3		66+
8.	10	4	1	11	3	5	8	6	7	0	2	9		66+
9.	11	5	10	4	1	7	2	0	3	8	9	6		66+
10.	8	9	10	11	7	4	6	2	5	3	0	1		66+
														=660
	71+	44+	66+	39+	69+	65+	53+	37+	65+	55+	34+	62	=660

Tablica kosztów
 \	5	15	15	10	
15	10	0	20	11	
25	12	7	9	20	
5	0	14	16	18	

Tablica przewozów
Optymalne rozwiązanie
 \	5	15	15	10	
15	0	15	0	0	
25	0	0	15	10	
5	5	0	0	0	
Funkcja oceny: 335
 indexu = 6
Osobnik nr 29
 \	1.	2.	3.	4.	5.	6.	7.	8.	9.	10.	11.	12.	
1.	10	4	1	11	3	5	8	6	7	0	2	9		66+
2.	5	3	9	0	11	8	4	1	10	7	2	6		66+
3.	11	5	10	4	1	7	2	0	3	8	9	6		66+
4.	5	3	9	0	11	8	4	1	10	7	2	6		66+
5.	5	3	9	0	11	8	4	1	10	7	2	6		66+
6.	10	4	1	11	3	5	8	6	7	0	2	9		66+
7.	5	3	9	0	11	8	4	1	10	7	2	6		66+
8.	7	1	6	2	4	11	9	8	0	10	5	3		66+
9.	5	9	2	0	7	1	4	11	3	6	8	10		66+
10.	8	9	10	11	7	4	6	2	5	3	0	1		66+
														=660
	71+	44+	66+	39+	69+	65+	53+	37+	65+	55+	34+	62	=660

Tablica kosztów
 \	5	15	15	10	
15	10	0	20	11	
25	12	7	9	20	
5	0	14	16	18	

Tablica przewozów
Optymalne rozwiązanie
 \	5	15	15	10	
15	0	15	0	0	
25	0	0	15	10	
5	5	0	0	0	
Funkcja oceny: 335
 indexu = 9
Osobnik nr 30
 \	1.	2.	3.	4.	5.	6.	7.	8.	9.	10.	11.	12.	
1.	5	3	9	0	11	8	4	1	10	7	2	6		66+
2.	8	9	10	11	7	4	6	2	5	3	0	1		66+
3.	10	4	1	11	3	5	8	6	7	0	2	9		66+
4.	10	4	1	11	3	5	8	6	7	0	2	9		66+
5.	5	3	9	0	11	8	4	1	10	7	2	6		66+
6.	5	9	2	0	7	1	4	11	3	6	8	10		66+
7.	7	1	6	2	4	11	9	8	0	10	5	3		66+
8.	11	5	10	4	1	7	2	0	3	8	9	6		66+
9.	5	3	9	0	11	8	4	1	10	7	2	6		66+
10.	5	3	9	0	11	8	4	1	10	7	2	6		66+
														=660
	71+	44+	66+	39+	69+	65+	53+	37+	65+	55+	34+	62	=660

Tablica kosztów
 \	5	15	15	10	
15	10	0	20	11	
25	12	7	9	20	
5	0	14	16	18	

Tablica przewozów
Optymalne rozwiązanie
 \	5	15	15	10	
15	0	15	0	0	
25	0	0	15	10	
5	5	0	0	0	
Funkcja oceny: 335
 indexu = 1
Osobnik nr 31
 \	1.	2.	3.	4.	5.	6.	7.	8.	9.	10.	11.	12.	
1.	5	3	9	0	11	8	4	1	10	7	2	6		66+
2.	5	3	9	0	11	8	4	1	10	7	2	6		66+
3.	7	1	6	2	4	11	9	8	0	10	5	3		66+
4.	5	3	9	0	11	8	4	1	10	7	2	6		66+
5.	8	9	10	11	7	4	6	2	5	3	0	1		66+
6.	10	4	1	11	3	5	8	6	7	0	2	9		66+
7.	5	3	9	0	11	8	4	1	10	7	2	6		66+
8.	5	9	2	0	7	1	4	11	3	6	8	10		66+
9.	10	4	1	11	3	5	8	6	7	0	2	9		66+
10.	11	5	10	4	1	7	2	0	3	8	9	6		66+
														=660
	71+	44+	66+	39+	69+	65+	53+	37+	65+	55+	34+	62	=660

Tablica kosztów
 \	5	15	15	10	
15	10	0	20	11	
25	12	7	9	20	
5	0	14	16	18	

Tablica przewozów
Optymalne rozwiązanie
 \	5	15	15	10	
15	0	15	0	0	
25	0	0	15	10	
5	5	0	0	0	
Funkcja oceny: 335
 indexu = 2
Osobnik nr 32
 \	1.	2.	3.	4.	5.	6.	7.	8.	9.	10.	11.	12.	
1.	5	3	9	0	11	8	4	1	10	7	2	6		66+
2.	10	4	1	11	3	5	8	6	7	0	2	9		66+
3.	5	3	9	0	11	8	4	1	10	7	2	6		66+
4.	8	9	10	11	7	4	6	2	5	3	0	1		66+
5.	7	1	6	2	4	11	9	8	0	10	5	3		66+
6.	5	3	9	0	11	8	4	1	10	7	2	6		66+
7.	11	5	10	4	1	7	2	0	3	8	9	6		66+
8.	5	9	2	0	7	1	4	11	3	6	8	10		66+
9.	10	4	1	11	3	5	8	6	7	0	2	9		66+
10.	5	3	9	0	11	8	4	1	10	7	2	6		66+
														=660
	71+	44+	66+	39+	69+	65+	53+	37+	65+	55+	34+	62	=660

Tablica kosztów
 \	5	15	15	10	
15	10	0	20	11	
25	12	7	9	20	
5	0	14	16	18	

Tablica przewozów
Optymalne rozwiązanie
 \	5	15	15	10	
15	0	15	0	0	
25	0	0	15	10	
5	5	0	0	0	
Funkcja oceny: 335
 indexu = 3
Osobnik nr 33
 \	1.	2.	3.	4.	5.	6.	7.	8.	9.	10.	11.	12.	
1.	5	3	9	0	11	8	4	1	10	7	2	6		66+
2.	11	5	10	4	1	7	2	0	3	8	9	6		66+
3.	8	9	10	11	7	4	6	2	5	3	0	1		66+
4.	7	1	6	2	4	11	9	8	0	10	5	3		66+
5.	5	9	2	0	7	1	4	11	3	6	8	10		66+
6.	5	3	9	0	11	8	4	1	10	7	2	6		66+
7.	10	4	1	11	3	5	8	6	7	0	2	9		66+
8.	5	3	9	0	11	8	4	1	10	7	2	6		66+
9.	5	3	9	0	11	8	4	1	10	7	2	6		66+
10.	10	4	1	11	3	5	8	6	7	0	2	9		66+
														=660
	71+	44+	66+	39+	69+	65+	53+	37+	65+	55+	34+	62	=660

Tablica kosztów
 \	5	15	15	10	
15	10	0	20	11	
25	12	7	9	20	
5	0	14	16	18	

Tablica przewozów
Optymalne rozwiązanie
 \	5	15	15	10	
15	0	15	0	0	
25	0	0	15	10	
5	5	0	0	0	
Funkcja oceny: 335
 indexu = 3
Osobnik nr 34
 \	1.	2.	3.	4.	5.	6.	7.	8.	9.	10.	11.	12.	
1.	5	9	2	0	7	1	4	11	3	6	8	10		66+
2.	5	3	9	0	11	8	4	1	10	7	2	6		66+
3.	5	3	9	0	11	8	4	1	10	7	2	6		66+
4.	5	3	9	0	11	8	4	1	10	7	2	6		66+
5.	7	1	6	2	4	11	9	8	0	10	5	3		66+
6.	8	9	10	11	7	4	6	2	5	3	0	1		66+
7.	5	3	9	0	11	8	4	1	10	7	2	6		66+
8.	10	4	1	11	3	5	8	6	7	0	2	9		66+
9.	10	4	1	11	3	5	8	6	7	0	2	9		66+
10.	11	5	10	4	1	7	2	0	3	8	9	6		66+
														=660
	71+	44+	66+	39+	69+	65+	53+	37+	65+	55+	34+	62	=660

Tablica kosztów
 \	5	15	15	10	
15	10	0	20	11	
25	12	7	9	20	
5	0	14	16	18	

Tablica przewozów
Optymalne rozwiązanie
 \	5	15	15	10	
15	0	15	0	0	
25	0	0	15	10	
5	5	0	0	0	
Funkcja oceny: 335
 indexu = 5
Osobnik nr 35
 \	1.	2.	3.	4.	5.	6.	7.	8.	9.	10.	11.	12.	
1.	5	3	9	0	11	8	4	1	10	7	2	6		66+
2.	8	9	10	11	7	4	6	2	5	3	0	1		66+
3.	7	1	6	2	4	11	9	8	0	10	5	3		66+
4.	10	4	1	11	3	5	8	6	7	0	2	9		66+
5.	5	3	9	0	11	8	4	1	10	7	2	6		66+
6.	5	3	9	0	11	8	4	1	10	7	2	6		66+
7.	11	5	10	4	1	7	2	0	3	8	9	6		66+
8.	5	3	9	0	11	8	4	1	10	7	2	6		66+
9.	5	9	2	0	7	1	4	11	3	6	8	10		66+
10.	10	4	1	11	3	5	8	6	7	0	2	9		66+
														=660
	71+	44+	66+	39+	69+	65+	53+	37+	65+	55+	34+	62	=660

Tablica kosztów
 \	5	15	15	10	
15	10	0	20	11	
25	12	7	9	20	
5	0	14	16	18	

Tablica przewozów
Optymalne rozwiązanie
 \	5	15	15	10	
15	0	15	0	0	
25	0	0	15	10	
5	5	0	0	0	
Funkcja oceny: 335
 indexu = 1
Osobnik nr 36
 \	1.	2.	3.	4.	5.	6.	7.	8.	9.	10.	11.	12.	
1.	5	3	9	0	11	8	4	1	10	7	2	6		66+
2.	5	9	2	0	7	1	4	11	3	6	8	10		66+
3.	5	3	9	0	11	8	4	1	10	7	2	6		66+
4.	10	4	1	11	3	5	8	6	7	0	2	9		66+
5.	5	3	9	0	11	8	4	1	10	7	2	6		66+
6.	7	1	6	2	4	11	9	8	0	10	5	3		66+
7.	5	3	9	0	11	8	4	1	10	7	2	6		66+
8.	10	4	1	11	3	5	8	6	7	0	2	9		66+
9.	8	9	10	11	7	4	6	2	5	3	0	1		66+
10.	11	5	10	4	1	7	2	0	3	8	9	6		66+
														=660
	71+	44+	66+	39+	69+	65+	53+	37+	65+	55+	34+	62	=660

Tablica kosztów
 \	5	15	15	10	
15	10	0	20	11	
25	12	7	9	20	
5	0	14	16	18	

Tablica przewozów
Optymalne rozwiązanie
 \	5	15	15	10	
15	0	15	0	0	
25	0	0	15	10	
5	5	0	0	0	
Funkcja oceny: 335
 indexu = 5
Osobnik nr 37
 \	1.	2.	3.	4.	5.	6.	7.	8.	9.	10.	11.	12.	
1.	11	5	10	4	1	7	2	0	3	8	9	6		66+
2.	5	3	9	0	11	8	4	1	10	7	2	6		66+
3.	10	4	1	11	3	5	8	6	7	0	2	9		66+
4.	5	9	2	0	7	1	4	11	3	6	8	10		66+
5.	10	4	1	11	3	5	8	6	7	0	2	9		66+
6.	5	3	9	0	11	8	4	1	10	7	2	6		66+
7.	8	9	10	11	7	4	6	2	5	3	0	1		66+
8.	5	3	9	0	11	8	4	1	10	7	2	6		66+
9.	7	1	6	2	4	11	9	8	0	10	5	3		66+
10.	5	3	9	0	11	8	4	1	10	7	2	6		66+
														=660
	71+	44+	66+	39+	69+	65+	53+	37+	65+	55+	34+	62	=660

Tablica kosztów
 \	5	15	15	10	
15	10	0	20	11	
25	12	7	9	20	
5	0	14	16	18	

Tablica przewozów
Optymalne rozwiązanie
 \	5	15	15	10	
15	0	15	0	0	
25	0	0	15	10	
5	5	0	0	0	
Funkcja oceny: 335
 indexu = 8
Osobnik nr 38
 \	1.	2.	3.	4.	5.	6.	7.	8.	9.	10.	11.	12.	
1.	11	5	10	4	1	7	2	0	3	8	9	6		66+
2.	10	4	1	11	3	5	8	6	7	0	2	9		66+
3.	5	3	9	0	11	8	4	1	10	7	2	6		66+
4.	7	1	6	2	4	11	9	8	0	10	5	3		66+
5.	5	3	9	0	11	8	4	1	10	7	2	6		66+
6.	5	9	2	0	7	1	4	11	3	6	8	10		66+
7.	5	3	9	0	11	8	4	1	10	7	2	6		66+
8.	10	4	1	11	3	5	8	6	7	0	2	9		66+
9.	8	9	10	11	7	4	6	2	5	3	0	1		66+
10.	5	3	9	0	11	8	4	1	10	7	2	6		66+
														=660
	71+	44+	66+	39+	69+	65+	53+	37+	65+	55+	34+	62	=660

Tablica kosztów
 \	5	15	15	10	
15	10	0	20	11	
25	12	7	9	20	
5	0	14	16	18	

Tablica przewozów
Optymalne rozwiązanie
 \	5	15	15	10	
15	0	15	0	0	
25	0	0	15	10	
5	5	0	0	0	
Funkcja oceny: 335
 indexu = 8
Osobnik nr 39
 \	1.	2.	3.	4.	5.	6.	7.	8.	9.	10.	11.	12.	
1.	5	3	9	0	11	8	4	1	10	7	2	6		66+
2.	5	3	9	0	11	8	4	1	10	7	2	6		66+
3.	8	9	10	11	7	4	6	2	5	3	0	1		66+
4.	5	9	2	0	7	1	4	11	3	6	8	10		66+
5.	5	3	9	0	11	8	4	1	10	7	2	6		66+
6.	11	5	10	4	1	7	2	0	3	8	9	6		66+
7.	5	3	9	0	11	8	4	1	10	7	2	6		66+
8.	10	4	1	11	3	5	8	6	7	0	2	9		66+
9.	7	1	6	2	4	11	9	8	0	10	5	3		66+
10.	10	4	1	11	3	5	8	6	7	0	2	9		66+
														=660
	71+	44+	66+	39+	69+	65+	53+	37+	65+	55+	34+	62	=660

Tablica kosztów
 \	5	15	15	10	
15	10	0	20	11	
25	12	7	9	20	
5	0	14	16	18	

Tablica przewozów
Optymalne rozwiązanie
 \	5	15	15	10	
15	0	15	0	0	
25	0	0	15	10	
5	5	0	0	0	
Funkcja oceny: 335
 indexu = 8
Osobnik nr 40
 \	1.	2.	3.	4.	5.	6.	7.	8.	9.	10.	11.	12.	
1.	8	9	10	11	7	4	6	2	5	3	0	1		66+
2.	5	3	9	0	11	8	4	1	10	7	2	6		66+
3.	11	5	10	4	1	7	2	0	3	8	9	6		66+
4.	7	1	6	2	4	11	9	8	0	10	5	3		66+
5.	5	3	9	0	11	8	4	1	10	7	2	6		66+
6.	5	9	2	0	7	1	4	11	3	6	8	10		66+
7.	5	3	9	0	11	8	4	1	10	7	2	6		66+
8.	5	3	9	0	11	8	4	1	10	7	2	6		66+
9.	10	4	1	11	3	5	8	6	7	0	2	9		66+
10.	10	4	1	11	3	5	8	6	7	0	2	9		66+
														=660
	71+	44+	66+	39+	69+	65+	53+	37+	65+	55+	34+	62	=660

Tablica kosztów
 \	5	15	15	10	
15	10	0	20	11	
25	12	7	9	20	
5	0	14	16	18	

Tablica przewozów
Optymalne rozwiązanie
 \	5	15	15	10	
15	0	15	0	0	
25	0	0	15	10	
5	5	0	0	0	
Funkcja oceny: 335
 indexu = 3
Osobnik nr 41
 \	1.	2.	3.	4.	5.	6.	7.	8.	9.	10.	11.	12.	
1.	8	9	10	11	7	4	6	2	5	3	0	1		66+
2.	5	3	9	0	11	8	4	1	10	7	2	6		66+
3.	5	9	2	0	7	1	4	11	3	6	8	10		66+
4.	11	5	10	4	1	7	2	0	3	8	9	6		66+
5.	7	1	6	2	4	11	9	8	0	10	5	3		66+
6.	5	3	9	0	11	8	4	1	10	7	2	6		66+
7.	5	3	9	0	11	8	4	1	10	7	2	6		66+
8.	5	3	9	0	11	8	4	1	10	7	2	6		66+
9.	10	4	1	11	3	5	8	6	7	0	2	9		66+
10.	10	4	1	11	3	5	8	6	7	0	2	9		66+
														=660
	71+	44+	66+	39+	69+	65+	53+	37+	65+	55+	34+	62	=660

Tablica kosztów
 \	5	15	15	10	
15	10	0	20	11	
25	12	7	9	20	
5	0	14	16	18	

Tablica przewozów
Optymalne rozwiązanie
 \	5	15	15	10	
15	0	15	0	0	
25	0	0	15	10	
5	5	0	0	0	
Funkcja oceny: 335
 indexu = 4
Osobnik nr 42
 \	1.	2.	3.	4.	5.	6.	7.	8.	9.	10.	11.	12.	
1.	10	4	1	11	3	5	8	6	7	0	2	9		66+
2.	5	3	9	0	11	8	4	1	10	7	2	6		66+
3.	8	9	10	11	7	4	6	2	5	3	0	1		66+
4.	10	4	1	11	3	5	8	6	7	0	2	9		66+
5.	5	9	2	0	7	1	4	11	3	6	8	10		66+
6.	5	3	9	0	11	8	4	1	10	7	2	6		66+
7.	5	3	9	0	11	8	4	1	10	7	2	6		66+
8.	7	1	6	2	4	11	9	8	0	10	5	3		66+
9.	5	3	9	0	11	8	4	1	10	7	2	6		66+
10.	11	5	10	4	1	7	2	0	3	8	9	6		66+
														=660
	71+	44+	66+	39+	69+	65+	53+	37+	65+	55+	34+	62	=660

Tablica kosztów
 \	5	15	15	10	
15	10	0	20	11	
25	12	7	9	20	
5	0	14	16	18	

Tablica przewozów
Optymalne rozwiązanie
 \	5	15	15	10	
15	0	15	0	0	
25	0	0	15	10	
5	5	0	0	0	
Funkcja oceny: 335
 indexu = 2
Osobnik nr 43
 \	1.	2.	3.	4.	5.	6.	7.	8.	9.	10.	11.	12.	
1.	5	3	9	0	11	8	4	1	10	7	2	6		66+
2.	10	4	1	11	3	5	8	6	7	0	2	9		66+
3.	11	5	10	4	1	7	2	0	3	8	9	6		66+
4.	5	3	9	0	11	8	4	1	10	7	2	6		66+
5.	5	9	2	0	7	1	4	11	3	6	8	10		66+
6.	8	9	10	11	7	4	6	2	5	3	0	1		66+
7.	5	3	9	0	11	8	4	1	10	7	2	6		66+
8.	5	3	9	0	11	8	4	1	10	7	2	6		66+
9.	10	4	1	11	3	5	8	6	7	0	2	9		66+
10.	7	1	6	2	4	11	9	8	0	10	5	3		66+
														=660
	71+	44+	66+	39+	69+	65+	53+	37+	65+	55+	34+	62	=660

Tablica kosztów
 \	5	15	15	10	
15	10	0	20	11	
25	12	7	9	20	
5	0	14	16	18	

Tablica przewozów
Optymalne rozwiązanie
 \	5	15	15	10	
15	0	15	0	0	
25	0	0	15	10	
5	5	0	0	0	
Funkcja oceny: 335
 indexu = 9
Osobnik nr 44
 \	1.	2.	3.	4.	5.	6.	7.	8.	9.	10.	11.	12.	
1.	5	3	9	0	11	8	4	1	10	7	2	6		66+
2.	5	9	2	0	7	1	4	11	3	6	8	10		66+
3.	5	3	9	0	11	8	4	1	10	7	2	6		66+
4.	5	3	9	0	11	8	4	1	10	7	2	6		66+
5.	11	5	10	4	1	7	2	0	3	8	9	6		66+
6.	10	4	1	11	3	5	8	6	7	0	2	9		66+
7.	5	3	9	0	11	8	4	1	10	7	2	6		66+
8.	7	1	6	2	4	11	9	8	0	10	5	3		66+
9.	10	4	1	11	3	5	8	6	7	0	2	9		66+
10.	8	9	10	11	7	4	6	2	5	3	0	1		66+
														=660
	71+	44+	66+	39+	69+	65+	53+	37+	65+	55+	34+	62	=660

Tablica kosztów
 \	5	15	15	10	
15	10	0	20	11	
25	12	7	9	20	
5	0	14	16	18	

Tablica przewozów
Optymalne rozwiązanie
 \	5	15	15	10	
15	0	15	0	0	
25	0	0	15	10	
5	5	0	0	0	
Funkcja oceny: 335
 indexu = 9
Osobnik nr 45
 \	1.	2.	3.	4.	5.	6.	7.	8.	9.	10.	11.	12.	
1.	5	3	9	0	11	8	4	1	10	7	2	6		66+
2.	11	5	10	4	1	7	2	0	3	8	9	6		66+
3.	7	1	6	2	4	11	9	8	0	10	5	3		66+
4.	10	4	1	11	3	5	8	6	7	0	2	9		66+
5.	5	3	9	0	11	8	4	1	10	7	2	6		66+
6.	5	3	9	0	11	8	4	1	10	7	2	6		66+
7.	8	9	10	11	7	4	6	2	5	3	0	1		66+
8.	5	3	9	0	11	8	4	1	10	7	2	6		66+
9.	5	9	2	0	7	1	4	11	3	6	8	10		66+
10.	10	4	1	11	3	5	8	6	7	0	2	9		66+
														=660
	71+	44+	66+	39+	69+	65+	53+	37+	65+	55+	34+	62	=660

Tablica kosztów
 \	5	15	15	10	
15	10	0	20	11	
25	12	7	9	20	
5	0	14	16	18	

Tablica przewozów
Optymalne rozwiązanie
 \	5	15	15	10	
15	0	15	0	0	
25	0	0	15	10	
5	5	0	0	0	
Funkcja oceny: 335
 indexu = 6
Osobnik nr 46
 \	1.	2.	3.	4.	5.	6.	7.	8.	9.	10.	11.	12.	
1.	5	3	9	0	11	8	4	1	10	7	2	6		66+
2.	5	3	9	0	11	8	4	1	10	7	2	6		66+
3.	7	1	6	2	4	11	9	8	0	10	5	3		66+
4.	10	4	1	11	3	5	8	6	7	0	2	9		66+
5.	5	3	9	0	11	8	4	1	10	7	2	6		66+
6.	8	9	10	11	7	4	6	2	5	3	0	1		66+
7.	5	3	9	0	11	8	4	1	10	7	2	6		66+
8.	10	4	1	11	3	5	8	6	7	0	2	9		66+
9.	11	5	10	4	1	7	2	0	3	8	9	6		66+
10.	5	9	2	0	7	1	4	11	3	6	8	10		66+
														=660
	71+	44+	66+	39+	69+	65+	53+	37+	65+	55+	34+	62	=660

Tablica kosztów
 \	5	15	15	10	
15	10	0	20	11	
25	12	7	9	20	
5	0	14	16	18	

Tablica przewozów
Optymalne rozwiązanie
 \	5	15	15	10	
15	0	15	0	0	
25	0	0	15	10	
5	5	0	0	0	
Funkcja oceny: 335
 indexu = 5
Osobnik nr 47
 \	1.	2.	3.	4.	5.	6.	7.	8.	9.	10.	11.	12.	
1.	10	4	1	11	3	5	8	6	7	0	2	9		66+
2.	5	3	9	0	11	8	4	1	10	7	2	6		66+
3.	7	1	6	2	4	11	9	8	0	10	5	3		66+
4.	5	3	9	0	11	8	4	1	10	7	2	6		66+
5.	5	3	9	0	11	8	4	1	10	7	2	6		66+
6.	8	9	10	11	7	4	6	2	5	3	0	1		66+
7.	10	4	1	11	3	5	8	6	7	0	2	9		66+
8.	5	9	2	0	7	1	4	11	3	6	8	10		66+
9.	11	5	10	4	1	7	2	0	3	8	9	6		66+
10.	5	3	9	0	11	8	4	1	10	7	2	6		66+
														=660
	71+	44+	66+	39+	69+	65+	53+	37+	65+	55+	34+	62	=660

Tablica kosztów
 \	5	15	15	10	
15	10	0	20	11	
25	12	7	9	20	
5	0	14	16	18	

Tablica przewozów
Optymalne rozwiązanie
 \	5	15	15	10	
15	0	15	0	0	
25	0	0	15	10	
5	5	0	0	0	
Funkcja oceny: 335
 indexu = 2
Osobnik nr 48
 \	1.	2.	3.	4.	5.	6.	7.	8.	9.	10.	11.	12.	
1.	5	3	9	0	11	8	4	1	10	7	2	6		66+
2.	7	1	6	2	4	11	9	8	0	10	5	3		66+
3.	11	5	10	4	1	7	2	0	3	8	9	6		66+
4.	10	4	1	11	3	5	8	6	7	0	2	9		66+
5.	5	3	9	0	11	8	4	1	10	7	2	6		66+
6.	10	4	1	11	3	5	8	6	7	0	2	9		66+
7.	5	3	9	0	11	8	4	1	10	7	2	6		66+
8.	5	3	9	0	11	8	4	1	10	7	2	6		66+
9.	5	9	2	0	7	1	4	11	3	6	8	10		66+
10.	8	9	10	11	7	4	6	2	5	3	0	1		66+
														=660
	71+	44+	66+	39+	69+	65+	53+	37+	65+	55+	34+	62	=660

Tablica kosztów
 \	5	15	15	10	
15	10	0	20	11	
25	12	7	9	20	
5	0	14	16	18	

Tablica przewozów
Optymalne rozwiązanie
 \	5	15	15	10	
15	0	15	0	0	
25	0	0	15	10	
5	5	0	0	0	
Funkcja oceny: 335
 indexu = 1
Osobnik nr 49
 \	1.	2.	3.	4.	5.	6.	7.	8.	9.	10.	11.	12.	
1.	7	1	6	2	4	11	9	8	0	10	5	3		66+
2.	10	4	1	11	3	5	8	6	7	0	2	9		66+
3.	5	3	9	0	11	8	4	1	10	7	2	6		66+
4.	10	4	1	11	3	5	8	6	7	0	2	9		66+
5.	5	3	9	0	11	8	4	1	10	7	2	6		66+
6.	8	9	10	11	7	4	6	2	5	3	0	1		66+
7.	5	9	2	0	7	1	4	11	3	6	8	10		66+
8.	11	5	10	4	1	7	2	0	3	8	9	6		66+
9.	5	3	9	0	11	8	4	1	10	7	2	6		66+
10.	5	3	9	0	11	8	4	1	10	7	2	6		66+
														=660
	71+	44+	66+	39+	69+	65+	53+	37+	65+	55+	34+	62	=660

Tablica kosztów
 \	5	15	15	10	
15	10	0	20	11	
25	12	7	9	20	
5	0	14	16	18	

Tablica przewozów
Optymalne rozwiązanie
 \	5	15	15	10	
15	0	15	0	0	
25	0	0	15	10	
5	5	0	0	0	
Funkcja oceny: 335
 indexu = 5
Osobnik nr 50
 \	1.	2.	3.	4.	5.	6.	7.	8.	9.	10.	11.	12.	
1.	5	9	2	0	7	1	4	11	3	6	8	10		66+
2.	11	5	10	4	1	7	2	0	3	8	9	6		66+
3.	5	3	9	0	11	8	4	1	10	7	2	6		66+
4.	10	4	1	11	3	5	8	6	7	0	2	9		66+
5.	10	4	1	11	3	5	8	6	7	0	2	9		66+
6.	5	3	9	0	11	8	4	1	10	7	2	6		66+
7.	5	3	9	0	11	8	4	1	10	7	2	6		66+
8.	7	1	6	2	4	11	9	8	0	10	5	3		66+
9.	5	3	9	0	11	8	4	1	10	7	2	6		66+
10.	8	9	10	11	7	4	6	2	5	3	0	1		66+
														=660
	71+	44+	66+	39+	69+	65+	53+	37+	65+	55+	34+	62	=660

Tablica kosztów
 \	5	15	15	10	
15	10	0	20	11	
25	12	7	9	20	
5	0	14	16	18	

Tablica przewozów
Optymalne rozwiązanie
 \	5	15	15	10	
15	0	15	0	0	
25	0	0	15	10	
5	5	0	0	0	
Funkcja oceny: 335
 indexu = 7
Osobnik nr 51
 \	1.	2.	3.	4.	5.	6.	7.	8.	9.	10.	11.	12.	
1.	5	3	9	0	11	8	4	1	10	7	2	6		66+
2.	10	4	1	11	3	5	8	6	7	0	2	9		66+
3.	5	9	2	0	7	1	4	11	3	6	8	10		66+
4.	11	5	10	4	1	7	2	0	3	8	9	6		66+
5.	5	3	9	0	11	8	4	1	10	7	2	6		66+
6.	5	3	9	0	11	8	4	1	10	7	2	6		66+
7.	8	9	10	11	7	4	6	2	5	3	0	1		66+
8.	10	4	1	11	3	5	8	6	7	0	2	9		66+
9.	7	1	6	2	4	11	9	8	0	10	5	3		66+
10.	5	3	9	0	11	8	4	1	10	7	2	6		66+
														=660
	71+	44+	66+	39+	69+	65+	53+	37+	65+	55+	34+	62	=660

Tablica kosztów
 \	5	15	15	10	
15	10	0	20	11	
25	12	7	9	20	
5	0	14	16	18	

Tablica przewozów
Optymalne rozwiązanie
 \	5	15	15	10	
15	0	15	0	0	
25	0	0	15	10	
5	5	0	0	0	
Funkcja oceny: 335
 indexu = 8
Osobnik nr 52
 \	1.	2.	3.	4.	5.	6.	7.	8.	9.	10.	11.	12.	
1.	10	4	1	11	3	5	8	6	7	0	2	9		66+
2.	5	3	9	0	11	8	4	1	10	7	2	6		66+
3.	5	3	9	0	11	8	4	1	10	7	2	6		66+
4.	7	1	6	2	4	11	9	8	0	10	5	3		66+
5.	11	5	10	4	1	7	2	0	3	8	9	6		66+
6.	10	4	1	11	3	5	8	6	7	0	2	9		66+
7.	5	9	2	0	7	1	4	11	3	6	8	10		66+
8.	5	3	9	0	11	8	4	1	10	7	2	6		66+
9.	8	9	10	11	7	4	6	2	5	3	0	1		66+
10.	5	3	9	0	11	8	4	1	10	7	2	6		66+
														=660
	71+	44+	66+	39+	69+	65+	53+	37+	65+	55+	34+	62	=660

Tablica kosztów
 \	5	15	15	10	
15	10	0	20	11	
25	12	7	9	20	
5	0	14	16	18	

Tablica przewozów
Optymalne rozwiązanie
 \	5	15	15	10	
15	0	15	0	0	
25	0	0	15	10	
5	5	0	0	0	
Funkcja oceny: 335
 indexu = 3
Osobnik nr 53
 \	1.	2.	3.	4.	5.	6.	7.	8.	9.	10.	11.	12.	
1.	10	4	1	11	3	5	8	6	7	0	2	9		66+
2.	5	3	9	0	11	8	4	1	10	7	2	6		66+
3.	10	4	1	11	3	5	8	6	7	0	2	9		66+
4.	5	9	2	0	7	1	4	11	3	6	8	10		66+
5.	5	3	9	0	11	8	4	1	10	7	2	6		66+
6.	5	3	9	0	11	8	4	1	10	7	2	6		66+
7.	7	1	6	2	4	11	9	8	0	10	5	3		66+
8.	11	5	10	4	1	7	2	0	3	8	9	6		66+
9.	8	9	10	11	7	4	6	2	5	3	0	1		66+
10.	5	3	9	0	11	8	4	1	10	7	2	6		66+
														=660
	71+	44+	66+	39+	69+	65+	53+	37+	65+	55+	34+	62	=660

Tablica kosztów
 \	5	15	15	10	
15	10	0	20	11	
25	12	7	9	20	
5	0	14	16	18	

Tablica przewozów
Optymalne rozwiązanie
 \	5	15	15	10	
15	0	15	0	0	
25	0	0	15	10	
5	5	0	0	0	
Funkcja oceny: 335
 indexu = 6
Osobnik nr 54
 \	1.	2.	3.	4.	5.	6.	7.	8.	9.	10.	11.	12.	
1.	10	4	1	11	3	5	8	6	7	0	2	9		66+
2.	7	1	6	2	4	11	9	8	0	10	5	3		66+
3.	8	9	10	11	7	4	6	2	5	3	0	1		66+
4.	5	3	9	0	11	8	4	1	10	7	2	6		66+
5.	5	3	9	0	11	8	4	1	10	7	2	6		66+
6.	5	3	9	0	11	8	4	1	10	7	2	6		66+
7.	5	3	9	0	11	8	4	1	10	7	2	6		66+
8.	11	5	10	4	1	7	2	0	3	8	9	6		66+
9.	5	9	2	0	7	1	4	11	3	6	8	10		66+
10.	10	4	1	11	3	5	8	6	7	0	2	9		66+
														=660
	71+	44+	66+	39+	69+	65+	53+	37+	65+	55+	34+	62	=660

Tablica kosztów
 \	5	15	15	10	
15	10	0	20	11	
25	12	7	9	20	
5	0	14	16	18	

Tablica przewozów
Optymalne rozwiązanie
 \	5	15	15	10	
15	0	15	0	0	
25	0	0	15	10	
5	5	0	0	0	
Funkcja oceny: 335
 indexu = 2
Osobnik nr 55
 \	1.	2.	3.	4.	5.	6.	7.	8.	9.	10.	11.	12.	
1.	5	3	9	0	11	8	4	1	10	7	2	6		66+
2.	10	4	1	11	3	5	8	6	7	0	2	9		66+
3.	8	9	10	11	7	4	6	2	5	3	0	1		66+
4.	5	3	9	0	11	8	4	1	10	7	2	6		66+
5.	5	3	9	0	11	8	4	1	10	7	2	6		66+
6.	5	9	2	0	7	1	4	11	3	6	8	10		66+
7.	5	3	9	0	11	8	4	1	10	7	2	6		66+
8.	10	4	1	11	3	5	8	6	7	0	2	9		66+
9.	7	1	6	2	4	11	9	8	0	10	5	3		66+
10.	11	5	10	4	1	7	2	0	3	8	9	6		66+
														=660
	71+	44+	66+	39+	69+	65+	53+	37+	65+	55+	34+	62	=660

Tablica kosztów
 \	5	15	15	10	
15	10	0	20	11	
25	12	7	9	20	
5	0	14	16	18	

Tablica przewozów
Optymalne rozwiązanie
 \	5	15	15	10	
15	0	15	0	0	
25	0	0	15	10	
5	5	0	0	0	
Funkcja oceny: 335
 indexu = 2
Osobnik nr 56
 \	1.	2.	3.	4.	5.	6.	7.	8.	9.	10.	11.	12.	
1.	10	4	1	11	3	5	8	6	7	0	2	9		66+
2.	8	9	10	11	7	4	6	2	5	3	0	1		66+
3.	5	3	9	0	11	8	4	1	10	7	2	6		66+
4.	7	1	6	2	4	11	9	8	0	10	5	3		66+
5.	5	3	9	0	11	8	4	1	10	7	2	6		66+
6.	5	3	9	0	11	8	4	1	10	7	2	6		66+
7.	10	4	1	11	3	5	8	6	7	0	2	9		66+
8.	11	5	10	4	1	7	2	0	3	8	9	6		66+
9.	5	3	9	0	11	8	4	1	10	7	2	6		66+
10.	5	9	2	0	7	1	4	11	3	6	8	10		66+
														=660
	71+	44+	66+	39+	69+	65+	53+	37+	65+	55+	34+	62	=660

Tablica kosztów
 \	5	15	15	10	
15	10	0	20	11	
25	12	7	9	20	
5	0	14	16	18	

Tablica przewozów
Optymalne rozwiązanie
 \	5	15	15	10	
15	0	15	0	0	
25	0	0	15	10	
5	5	0	0	0	
Funkcja oceny: 335
 indexu = 3
Osobnik nr 57
 \	1.	2.	3.	4.	5.	6.	7.	8.	9.	10.	11.	12.	
1.	5	9	2	0	7	1	4	11	3	6	8	10		66+
2.	5	3	9	0	11	8	4	1	10	7	2	6		66+
3.	5	3	9	0	11	8	4	1	10	7	2	6		66+
4.	7	1	6	2	4	11	9	8	0	10	5	3		66+
5.	10	4	1	11	3	5	8	6	7	0	2	9		66+
6.	5	3	9	0	11	8	4	1	10	7	2	6		66+
7.	5	3	9	0	11	8	4	1	10	7	2	6		66+
8.	10	4	1	11	3	5	8	6	7	0	2	9		66+
9.	11	5	10	4	1	7	2	0	3	8	9	6		66+
10.	8	9	10	11	7	4	6	2	5	3	0	1		66+
														=660
	71+	44+	66+	39+	69+	65+	53+	37+	65+	55+	34+	62	=660

Tablica kosztów
 \	5	15	15	10	
15	10	0	20	11	
25	12	7	9	20	
5	0	14	16	18	

Tablica przewozów
Optymalne rozwiązanie
 \	5	15	15	10	
15	0	15	0	0	
25	0	0	15	10	
5	5	0	0	0	
Funkcja oceny: 335
 indexu = 9
Osobnik nr 58
 \	1.	2.	3.	4.	5.	6.	7.	8.	9.	10.	11.	12.	
1.	10	4	1	11	3	5	8	6	7	0	2	9		66+
2.	5	3	9	0	11	8	4	1	10	7	2	6		66+
3.	5	3	9	0	11	8	4	1	10	7	2	6		66+
4.	5	9	2	0	7	1	4	11	3	6	8	10		66+
5.	8	9	10	11	7	4	6	2	5	3	0	1		66+
6.	7	1	6	2	4	11	9	8	0	10	5	3		66+
7.	5	3	9	0	11	8	4	1	10	7	2	6		66+
8.	11	5	10	4	1	7	2	0	3	8	9	6		66+
9.	10	4	1	11	3	5	8	6	7	0	2	9		66+
10.	5	3	9	0	11	8	4	1	10	7	2	6		66+
														=660
	71+	44+	66+	39+	69+	65+	53+	37+	65+	55+	34+	62	=660

Tablica kosztów
 \	5	15	15	10	
15	10	0	20	11	
25	12	7	9	20	
5	0	14	16	18	

Tablica przewozów
Optymalne rozwiązanie
 \	5	15	15	10	
15	0	15	0	0	
25	0	0	15	10	
5	5	0	0	0	
Funkcja oceny: 335
 indexu = 4
Osobnik nr 59
 \	1.	2.	3.	4.	5.	6.	7.	8.	9.	10.	11.	12.	
1.	8	9	10	11	7	4	6	2	5	3	0	1		66+
2.	5	3	9	0	11	8	4	1	10	7	2	6		66+
3.	5	9	2	0	7	1	4	11	3	6	8	10		66+
4.	10	4	1	11	3	5	8	6	7	0	2	9		66+
5.	5	3	9	0	11	8	4	1	10	7	2	6		66+
6.	7	1	6	2	4	11	9	8	0	10	5	3		66+
7.	5	3	9	0	11	8	4	1	10	7	2	6		66+
8.	5	3	9	0	11	8	4	1	10	7	2	6		66+
9.	11	5	10	4	1	7	2	0	3	8	9	6		66+
10.	10	4	1	11	3	5	8	6	7	0	2	9		66+
														=660
	71+	44+	66+	39+	69+	65+	53+	37+	65+	55+	34+	62	=660

Tablica kosztów
 \	5	15	15	10	
15	10	0	20	11	
25	12	7	9	20	
5	0	14	16	18	

Tablica przewozów
Optymalne rozwiązanie
 \	5	15	15	10	
15	0	15	0	0	
25	0	0	15	10	
5	5	0	0	0	
Funkcja oceny: 335
 indexu = 0
Osobnik nr 60
 \	1.	2.	3.	4.	5.	6.	7.	8.	9.	10.	11.	12.	
1.	10	4	1	11	3	5	8	6	7	0	2	9		66+
2.	5	3	9	0	11	8	4	1	10	7	2	6		66+
3.	5	3	9	0	11	8	4	1	10	7	2	6		66+
4.	5	9	2	0	7	1	4	11	3	6	8	10		66+
5.	7	1	6	2	4	11	9	8	0	10	5	3		66+
6.	11	5	10	4	1	7	2	0	3	8	9	6		66+
7.	8	9	10	11	7	4	6	2	5	3	0	1		66+
8.	5	3	9	0	11	8	4	1	10	7	2	6		66+
9.	10	4	1	11	3	5	8	6	7	0	2	9		66+
10.	5	3	9	0	11	8	4	1	10	7	2	6		66+
														=660
	71+	44+	66+	39+	69+	65+	53+	37+	65+	55+	34+	62	=660

Tablica kosztów
 \	5	15	15	10	
15	10	0	20	11	
25	12	7	9	20	
5	0	14	16	18	

Tablica przewozów
Optymalne rozwiązanie
 \	5	15	15	10	
15	0	15	0	0	
25	0	0	15	10	
5	5	0	0	0	
Funkcja oceny: 335
 indexu = 4
Osobnik nr 61
 \	1.	2.	3.	4.	5.	6.	7.	8.	9.	10.	11.	12.	
1.	5	3	9	0	11	8	4	1	10	7	2	6		66+
2.	10	4	1	11	3	5	8	6	7	0	2	9		66+
3.	5	3	9	0	11	8	4	1	10	7	2	6		66+
4.	10	4	1	11	3	5	8	6	7	0	2	9		66+
5.	8	9	10	11	7	4	6	2	5	3	0	1		66+
6.	5	9	2	0	7	1	4	11	3	6	8	10		66+
7.	5	3	9	0	11	8	4	1	10	7	2	6		66+
8.	7	1	6	2	4	11	9	8	0	10	5	3		66+
9.	11	5	10	4	1	7	2	0	3	8	9	6		66+
10.	5	3	9	0	11	8	4	1	10	7	2	6		66+
														=660
	71+	44+	66+	39+	69+	65+	53+	37+	65+	55+	34+	62	=660

Tablica kosztów
 \	5	15	15	10	
15	10	0	20	11	
25	12	7	9	20	
5	0	14	16	18	

Tablica przewozów
Optymalne rozwiązanie
 \	5	15	15	10	
15	0	15	0	0	
25	0	0	15	10	
5	5	0	0	0	
Funkcja oceny: 335
 indexu = 7
Osobnik nr 62
 \	1.	2.	3.	4.	5.	6.	7.	8.	9.	10.	11.	12.	
1.	5	3	9	0	11	8	4	1	10	7	2	6		66+
2.	5	9	2	0	7	1	4	11	3	6	8	10		66+
3.	8	9	10	11	7	4	6	2	5	3	0	1		66+
4.	5	3	9	0	11	8	4	1	10	7	2	6		66+
5.	5	3	9	0	11	8	4	1	10	7	2	6		66+
6.	7	1	6	2	4	11	9	8	0	10	5	3		66+
7.	10	4	1	11	3	5	8	6	7	0	2	9		66+
8.	11	5	10	4	1	7	2	0	3	8	9	6		66+
9.	10	4	1	11	3	5	8	6	7	0	2	9		66+
10.	5	3	9	0	11	8	4	1	10	7	2	6		66+
														=660
	71+	44+	66+	39+	69+	65+	53+	37+	65+	55+	34+	62	=660

Tablica kosztów
 \	5	15	15	10	
15	10	0	20	11	
25	12	7	9	20	
5	0	14	16	18	

Tablica przewozów
Optymalne rozwiązanie
 \	5	15	15	10	
15	0	15	0	0	
25	0	0	15	10	
5	5	0	0	0	
Funkcja oceny: 335
 indexu = 2
Osobnik nr 63
 \	1.	2.	3.	4.	5.	6.	7.	8.	9.	10.	11.	12.	
1.	5	9	2	0	7	1	4	11	3	6	8	10		66+
2.	11	5	10	4	1	7	2	0	3	8	9	6		66+
3.	5	3	9	0	11	8	4	1	10	7	2	6		66+
4.	7	1	6	2	4	11	9	8	0	10	5	3		66+
5.	5	3	9	0	11	8	4	1	10	7	2	6		66+
6.	5	3	9	0	11	8	4	1	10	7	2	6		66+
7.	5	3	9	0	11	8	4	1	10	7	2	6		66+
8.	10	4	1	11	3	5	8	6	7	0	2	9		66+
9.	10	4	1	11	3	5	8	6	7	0	2	9		66+
10.	8	9	10	11	7	4	6	2	5	3	0	1		66+
														=660
	71+	44+	66+	39+	69+	65+	53+	37+	65+	55+	34+	62	=660

Tablica kosztów
 \	5	15	15	10	
15	10	0	20	11	
25	12	7	9	20	
5	0	14	16	18	

Tablica przewozów
Optymalne rozwiązanie
 \	5	15	15	10	
15	0	15	0	0	
25	0	0	15	10	
5	5	0	0	0	
Funkcja oceny: 335
 indexu = 3
Osobnik nr 64
 \	1.	2.	3.	4.	5.	6.	7.	8.	9.	10.	11.	12.	
1.	5	3	9	0	11	8	4	1	10	7	2	6		66+
2.	8	9	10	11	7	4	6	2	5	3	0	1		66+
3.	5	3	9	0	11	8	4	1	10	7	2	6		66+
4.	10	4	1	11	3	5	8	6	7	0	2	9		66+
5.	10	4	1	11	3	5	8	6	7	0	2	9		66+
6.	11	5	10	4	1	7	2	0	3	8	9	6		66+
7.	5	9	2	0	7	1	4	11	3	6	8	10		66+
8.	5	3	9	0	11	8	4	1	10	7	2	6		66+
9.	7	1	6	2	4	11	9	8	0	10	5	3		66+
10.	5	3	9	0	11	8	4	1	10	7	2	6		66+
														=660
	71+	44+	66+	39+	69+	65+	53+	37+	65+	55+	34+	62	=660

Tablica kosztów
 \	5	15	15	10	
15	10	0	20	11	
25	12	7	9	20	
5	0	14	16	18	

Tablica przewozów
Optymalne rozwiązanie
 \	5	15	15	10	
15	0	15	0	0	
25	0	0	15	10	
5	5	0	0	0	
Funkcja oceny: 335
 indexu = 1
Osobnik nr 65
 \	1.	2.	3.	4.	5.	6.	7.	8.	9.	10.	11.	12.	
1.	5	3	9	0	11	8	4	1	10	7	2	6		66+
2.	10	4	1	11	3	5	8	6	7	0	2	9		66+
3.	11	5	10	4	1	7	2	0	3	8	9	6		66+
4.	8	9	10	11	7	4	6	2	5	3	0	1		66+
5.	10	4	1	11	3	5	8	6	7	0	2	9		66+
6.	5	3	9	0	11	8	4	1	10	7	2	6		66+
7.	5	9	2	0	7	1	4	11	3	6	8	10		66+
8.	5	3	9	0	11	8	4	1	10	7	2	6		66+
9.	7	1	6	2	4	11	9	8	0	10	5	3		66+
10.	5	3	9	0	11	8	4	1	10	7	2	6		66+
														=660
	71+	44+	66+	39+	69+	65+	53+	37+	65+	55+	34+	62	=660

Tablica kosztów
 \	5	15	15	10	
15	10	0	20	11	
25	12	7	9	20	
5	0	14	16	18	

Tablica przewozów
Optymalne rozwiązanie
 \	5	15	15	10	
15	0	15	0	0	
25	0	0	15	10	
5	5	0	0	0	
Funkcja oceny: 335
 indexu = 3
Osobnik nr 66
 \	1.	2.	3.	4.	5.	6.	7.	8.	9.	10.	11.	12.	
1.	5	3	9	0	11	8	4	1	10	7	2	6		66+
2.	8	9	10	11	7	4	6	2	5	3	0	1		66+
3.	5	3	9	0	11	8	4	1	10	7	2	6		66+
4.	5	3	9	0	11	8	4	1	10	7	2	6		66+
5.	10	4	1	11	3	5	8	6	7	0	2	9		66+
6.	11	5	10	4	1	7	2	0	3	8	9	6		66+
7.	10	4	1	11	3	5	8	6	7	0	2	9		66+
8.	5	9	2	0	7	1	4	11	3	6	8	10		66+
9.	7	1	6	2	4	11	9	8	0	10	5	3		66+
10.	5	3	9	0	11	8	4	1	10	7	2	6		66+
														=660
	71+	44+	66+	39+	69+	65+	53+	37+	65+	55+	34+	62	=660

Tablica kosztów
 \	5	15	15	10	
15	10	0	20	11	
25	12	7	9	20	
5	0	14	16	18	

Tablica przewozów
Optymalne rozwiązanie
 \	5	15	15	10	
15	0	15	0	0	
25	0	0	15	10	
5	5	0	0	0	
Funkcja oceny: 335
 indexu = 8
Osobnik nr 67
 \	1.	2.	3.	4.	5.	6.	7.	8.	9.	10.	11.	12.	
1.	5	3	9	0	11	8	4	1	10	7	2	6		66+
2.	8	9	10	11	7	4	6	2	5	3	0	1		66+
3.	10	4	1	11	3	5	8	6	7	0	2	9		66+
4.	5	3	9	0	11	8	4	1	10	7	2	6		66+
5.	10	4	1	11	3	5	8	6	7	0	2	9		66+
6.	5	3	9	0	11	8	4	1	10	7	2	6		66+
7.	7	1	6	2	4	11	9	8	0	10	5	3		66+
8.	5	9	2	0	7	1	4	11	3	6	8	10		66+
9.	11	5	10	4	1	7	2	0	3	8	9	6		66+
10.	5	3	9	0	11	8	4	1	10	7	2	6		66+
														=660
	71+	44+	66+	39+	69+	65+	53+	37+	65+	55+	34+	62	=660

Tablica kosztów
 \	5	15	15	10	
15	10	0	20	11	
25	12	7	9	20	
5	0	14	16	18	

Tablica przewozów
Optymalne rozwiązanie
 \	5	15	15	10	
15	0	15	0	0	
25	0	0	15	10	
5	5	0	0	0	
Funkcja oceny: 335
 indexu = 1
Osobnik nr 68
 \	1.	2.	3.	4.	5.	6.	7.	8.	9.	10.	11.	12.	
1.	10	4	1	11	3	5	8	6	7	0	2	9		66+
2.	5	3	9	0	11	8	4	1	10	7	2	6		66+
3.	5	3	9	0	11	8	4	1	10	7	2	6		66+
4.	10	4	1	11	3	5	8	6	7	0	2	9		66+
5.	5	3	9	0	11	8	4	1	10	7	2	6		66+
6.	7	1	6	2	4	11	9	8	0	10	5	3		66+
7.	11	5	10	4	1	7	2	0	3	8	9	6		66+
8.	8	9	10	11	7	4	6	2	5	3	0	1		66+
9.	5	9	2	0	7	1	4	11	3	6	8	10		66+
10.	5	3	9	0	11	8	4	1	10	7	2	6		66+
														=660
	71+	44+	66+	39+	69+	65+	53+	37+	65+	55+	34+	62	=660

Tablica kosztów
 \	5	15	15	10	
15	10	0	20	11	
25	12	7	9	20	
5	0	14	16	18	

Tablica przewozów
Optymalne rozwiązanie
 \	5	15	15	10	
15	0	15	0	0	
25	0	0	15	10	
5	5	0	0	0	
Funkcja oceny: 335
 indexu = 5
Osobnik nr 69
 \	1.	2.	3.	4.	5.	6.	7.	8.	9.	10.	11.	12.	
1.	5	9	2	0	7	1	4	11	3	6	8	10		66+
2.	5	3	9	0	11	8	4	1	10	7	2	6		66+
3.	7	1	6	2	4	11	9	8	0	10	5	3		66+
4.	10	4	1	11	3	5	8	6	7	0	2	9		66+
5.	5	3	9	0	11	8	4	1	10	7	2	6		66+
6.	11	5	10	4	1	7	2	0	3	8	9	6		66+
7.	10	4	1	11	3	5	8	6	7	0	2	9		66+
8.	8	9	10	11	7	4	6	2	5	3	0	1		66+
9.	5	3	9	0	11	8	4	1	10	7	2	6		66+
10.	5	3	9	0	11	8	4	1	10	7	2	6		66+
														=660
	71+	44+	66+	39+	69+	65+	53+	37+	65+	55+	34+	62	=660

Tablica kosztów
 \	5	15	15	10	
15	10	0	20	11	
25	12	7	9	20	
5	0	14	16	18	

Tablica przewozów
Optymalne rozwiązanie
 \	5	15	15	10	
15	0	15	0	0	
25	0	0	15	10	
5	5	0	0	0	
Funkcja oceny: 335
 indexu = 2
Osobnik nr 70
 \	1.	2.	3.	4.	5.	6.	7.	8.	9.	10.	11.	12.	
1.	5	3	9	0	11	8	4	1	10	7	2	6		66+
2.	7	1	6	2	4	11	9	8	0	10	5	3		66+
3.	5	3	9	0	11	8	4	1	10	7	2	6		66+
4.	5	3	9	0	11	8	4	1	10	7	2	6		66+
5.	8	9	10	11	7	4	6	2	5	3	0	1		66+
6.	5	3	9	0	11	8	4	1	10	7	2	6		66+
7.	5	9	2	0	7	1	4	11	3	6	8	10		66+
8.	10	4	1	11	3	5	8	6	7	0	2	9		66+
9.	10	4	1	11	3	5	8	6	7	0	2	9		66+
10.	11	5	10	4	1	7	2	0	3	8	9	6		66+
														=660
	71+	44+	66+	39+	69+	65+	53+	37+	65+	55+	34+	62	=660

Tablica kosztów
 \	5	15	15	10	
15	10	0	20	11	
25	12	7	9	20	
5	0	14	16	18	

Tablica przewozów
Optymalne rozwiązanie
 \	5	15	15	10	
15	0	15	0	0	
25	0	0	15	10	
5	5	0	0	0	
Funkcja oceny: 335
 indexu = 1
Osobnik nr 71
 \	1.	2.	3.	4.	5.	6.	7.	8.	9.	10.	11.	12.	
1.	11	5	10	4	1	7	2	0	3	8	9	6		66+
2.	7	1	6	2	4	11	9	8	0	10	5	3		66+
3.	5	3	9	0	11	8	4	1	10	7	2	6		66+
4.	5	3	9	0	11	8	4	1	10	7	2	6		66+
5.	10	4	1	11	3	5	8	6	7	0	2	9		66+
6.	10	4	1	11	3	5	8	6	7	0	2	9		66+
7.	5	3	9	0	11	8	4	1	10	7	2	6		66+
8.	5	3	9	0	11	8	4	1	10	7	2	6		66+
9.	5	9	2	0	7	1	4	11	3	6	8	10		66+
10.	8	9	10	11	7	4	6	2	5	3	0	1		66+
														=660
	71+	44+	66+	39+	69+	65+	53+	37+	65+	55+	34+	62	=660

Tablica kosztów
 \	5	15	15	10	
15	10	0	20	11	
25	12	7	9	20	
5	0	14	16	18	

Tablica przewozów
Optymalne rozwiązanie
 \	5	15	15	10	
15	0	15	0	0	
25	0	0	15	10	
5	5	0	0	0	
Funkcja oceny: 335
 indexu = 9
Osobnik nr 72
 \	1.	2.	3.	4.	5.	6.	7.	8.	9.	10.	11.	12.	
1.	7	1	6	2	4	11	9	8	0	10	5	3		66+
2.	5	3	9	0	11	8	4	1	10	7	2	6		66+
3.	8	9	10	11	7	4	6	2	5	3	0	1		66+
4.	5	3	9	0	11	8	4	1	10	7	2	6		66+
5.	5	3	9	0	11	8	4	1	10	7	2	6		66+
6.	10	4	1	11	3	5	8	6	7	0	2	9		66+
7.	10	4	1	11	3	5	8	6	7	0	2	9		66+
8.	5	3	9	0	11	8	4	1	10	7	2	6		66+
9.	11	5	10	4	1	7	2	0	3	8	9	6		66+
10.	5	9	2	0	7	1	4	11	3	6	8	10		66+
														=660
	71+	44+	66+	39+	69+	65+	53+	37+	65+	55+	34+	62	=660

Tablica kosztów
 \	5	15	15	10	
15	10	0	20	11	
25	12	7	9	20	
5	0	14	16	18	

Tablica przewozów
Optymalne rozwiązanie
 \	5	15	15	10	
15	0	15	0	0	
25	0	0	15	10	
5	5	0	0	0	
Funkcja oceny: 335
 indexu = 2
Osobnik nr 73
 \	1.	2.	3.	4.	5.	6.	7.	8.	9.	10.	11.	12.	
1.	10	4	1	11	3	5	8	6	7	0	2	9		66+
2.	7	1	6	2	4	11	9	8	0	10	5	3		66+
3.	5	3	9	0	11	8	4	1	10	7	2	6		66+
4.	8	9	10	11	7	4	6	2	5	3	0	1		66+
5.	5	3	9	0	11	8	4	1	10	7	2	6		66+
6.	11	5	10	4	1	7	2	0	3	8	9	6		66+
7.	5	3	9	0	11	8	4	1	10	7	2	6		66+
8.	10	4	1	11	3	5	8	6	7	0	2	9		66+
9.	5	3	9	0	11	8	4	1	10	7	2	6		66+
10.	5	9	2	0	7	1	4	11	3	6	8	10		66+
														=660
	71+	44+	66+	39+	69+	65+	53+	37+	65+	55+	34+	62	=660

Tablica kosztów
 \	5	15	15	10	
15	10	0	20	11	
25	12	7	9	20	
5	0	14	16	18	

Tablica przewozów
Optymalne rozwiązanie
 \	5	15	15	10	
15	0	15	0	0	
25	0	0	15	10	
5	5	0	0	0	
Funkcja oceny: 335
 indexu = 1
Osobnik nr 74
 \	1.	2.	3.	4.	5.	6.	7.	8.	9.	10.	11.	12.	
1.	8	9	10	11	7	4	6	2	5	3	0	1		66+
2.	5	3	9	0	11	8	4	1	10	7	2	6		66+
3.	10	4	1	11	3	5	8	6	7	0	2	9		66+
4.	11	5	10	4	1	7	2	0	3	8	9	6		66+
5.	5	3	9	0	11	8	4	1	10	7	2	6		66+
6.	7	1	6	2	4	11	9	8	0	10	5	3		66+
7.	5	3	9	0	11	8	4	1	10	7	2	6		66+
8.	10	4	1	11	3	5	8	6	7	0	2	9		66+
9.	5	9	2	0	7	1	4	11	3	6	8	10		66+
10.	5	3	9	0	11	8	4	1	10	7	2	6		66+
														=660
	71+	44+	66+	39+	69+	65+	53+	37+	65+	55+	34+	62	=660

Tablica kosztów
 \	5	15	15	10	
15	10	0	20	11	
25	12	7	9	20	
5	0	14	16	18	

Tablica przewozów
Optymalne rozwiązanie
 \	5	15	15	10	
15	0	15	0	0	
25	0	0	15	10	
5	5	0	0	0	
Funkcja oceny: 335
 indexu = 0
Osobnik nr 75
 \	1.	2.	3.	4.	5.	6.	7.	8.	9.	10.	11.	12.	
1.	5	3	9	0	11	8	4	1	10	7	2	6		66+
2.	8	9	10	11	7	4	6	2	5	3	0	1		66+
3.	10	4	1	11	3	5	8	6	7	0	2	9		66+
4.	11	5	10	4	1	7	2	0	3	8	9	6		66+
5.	10	4	1	11	3	5	8	6	7	0	2	9		66+
6.	5	3	9	0	11	8	4	1	10	7	2	6		66+
7.	7	1	6	2	4	11	9	8	0	10	5	3		66+
8.	5	9	2	0	7	1	4	11	3	6	8	10		66+
9.	5	3	9	0	11	8	4	1	10	7	2	6		66+
10.	5	3	9	0	11	8	4	1	10	7	2	6		66+
														=660
	71+	44+	66+	39+	69+	65+	53+	37+	65+	55+	34+	62	=660

Tablica kosztów
 \	5	15	15	10	
15	10	0	20	11	
25	12	7	9	20	
5	0	14	16	18	

Tablica przewozów
Optymalne rozwiązanie
 \	5	15	15	10	
15	0	15	0	0	
25	0	0	15	10	
5	5	0	0	0	
Funkcja oceny: 335
 indexu = 6
Osobnik nr 76
 \	1.	2.	3.	4.	5.	6.	7.	8.	9.	10.	11.	12.	
1.	7	1	6	2	4	11	9	8	0	10	5	3		66+
2.	5	3	9	0	11	8	4	1	10	7	2	6		66+
3.	5	3	9	0	11	8	4	1	10	7	2	6		66+
4.	5	3	9	0	11	8	4	1	10	7	2	6		66+
5.	5	3	9	0	11	8	4	1	10	7	2	6		66+
6.	10	4	1	11	3	5	8	6	7	0	2	9		66+
7.	8	9	10	11	7	4	6	2	5	3	0	1		66+
8.	5	9	2	0	7	1	4	11	3	6	8	10		66+
9.	11	5	10	4	1	7	2	0	3	8	9	6		66+
10.	10	4	1	11	3	5	8	6	7	0	2	9		66+
														=660
	71+	44+	66+	39+	69+	65+	53+	37+	65+	55+	34+	62	=660

Tablica kosztów
 \	5	15	15	10	
15	10	0	20	11	
25	12	7	9	20	
5	0	14	16	18	

Tablica przewozów
Optymalne rozwiązanie
 \	5	15	15	10	
15	0	15	0	0	
25	0	0	15	10	
5	5	0	0	0	
Funkcja oceny: 335
 indexu = 6
Osobnik nr 77
 \	1.	2.	3.	4.	5.	6.	7.	8.	9.	10.	11.	12.	
1.	10	4	1	11	3	5	8	6	7	0	2	9		66+
2.	8	9	10	11	7	4	6	2	5	3	0	1		66+
3.	5	9	2	0	7	1	4	11	3	6	8	10		66+
4.	5	3	9	0	11	8	4	1	10	7	2	6		66+
5.	5	3	9	0	11	8	4	1	10	7	2	6		66+
6.	5	3	9	0	11	8	4	1	10	7	2	6		66+
7.	7	1	6	2	4	11	9	8	0	10	5	3		66+
8.	5	3	9	0	11	8	4	1	10	7	2	6		66+
9.	11	5	10	4	1	7	2	0	3	8	9	6		66+
10.	10	4	1	11	3	5	8	6	7	0	2	9		66+
														=660
	71+	44+	66+	39+	69+	65+	53+	37+	65+	55+	34+	62	=660

Tablica kosztów
 \	5	15	15	10	
15	10	0	20	11	
25	12	7	9	20	
5	0	14	16	18	

Tablica przewozów
Optymalne rozwiązanie
 \	5	15	15	10	
15	0	15	0	0	
25	0	0	15	10	
5	5	0	0	0	
Funkcja oceny: 335
 indexu = 6
Osobnik nr 78
 \	1.	2.	3.	4.	5.	6.	7.	8.	9.	10.	11.	12.	
1.	10	4	1	11	3	5	8	6	7	0	2	9		66+
2.	5	3	9	0	11	8	4	1	10	7	2	6		66+
3.	7	1	6	2	4	11	9	8	0	10	5	3		66+
4.	5	3	9	0	11	8	4	1	10	7	2	6		66+
5.	11	5	10	4	1	7	2	0	3	8	9	6		66+
6.	8	9	10	11	7	4	6	2	5	3	0	1		66+
7.	5	9	2	0	7	1	4	11	3	6	8	10		66+
8.	5	3	9	0	11	8	4	1	10	7	2	6		66+
9.	10	4	1	11	3	5	8	6	7	0	2	9		66+
10.	5	3	9	0	11	8	4	1	10	7	2	6		66+
														=660
	71+	44+	66+	39+	69+	65+	53+	37+	65+	55+	34+	62	=660

Tablica kosztów
 \	5	15	15	10	
15	10	0	20	11	
25	12	7	9	20	
5	0	14	16	18	

Tablica przewozów
Optymalne rozwiązanie
 \	5	15	15	10	
15	0	15	0	0	
25	0	0	15	10	
5	5	0	0	0	
Funkcja oceny: 335
 indexu = 5
Osobnik nr 79
 \	1.	2.	3.	4.	5.	6.	7.	8.	9.	10.	11.	12.	
1.	8	9	10	11	7	4	6	2	5	3	0	1		66+
2.	5	3	9	0	11	8	4	1	10	7	2	6		66+
3.	5	3	9	0	11	8	4	1	10	7	2	6		66+
4.	10	4	1	11	3	5	8	6	7	0	2	9		66+
5.	7	1	6	2	4	11	9	8	0	10	5	3		66+
6.	10	4	1	11	3	5	8	6	7	0	2	9		66+
7.	5	3	9	0	11	8	4	1	10	7	2	6		66+
8.	11	5	10	4	1	7	2	0	3	8	9	6		66+
9.	5	3	9	0	11	8	4	1	10	7	2	6		66+
10.	5	9	2	0	7	1	4	11	3	6	8	10		66+
														=660
	71+	44+	66+	39+	69+	65+	53+	37+	65+	55+	34+	62	=660

Tablica kosztów
 \	5	15	15	10	
15	10	0	20	11	
25	12	7	9	20	
5	0	14	16	18	

Tablica przewozów
Optymalne rozwiązanie
 \	5	15	15	10	
15	0	15	0	0	
25	0	0	15	10	
5	5	0	0	0	
Funkcja oceny: 335
 indexu = 0
Osobnik nr 80
 \	1.	2.	3.	4.	5.	6.	7.	8.	9.	10.	11.	12.	
1.	5	3	9	0	11	8	4	1	10	7	2	6		66+
2.	5	3	9	0	11	8	4	1	10	7	2	6		66+
3.	5	3	9	0	11	8	4	1	10	7	2	6		66+
4.	5	3	9	0	11	8	4	1	10	7	2	6		66+
5.	10	4	1	11	3	5	8	6	7	0	2	9		66+
6.	7	1	6	2	4	11	9	8	0	10	5	3		66+
7.	11	5	10	4	1	7	2	0	3	8	9	6		66+
8.	5	9	2	0	7	1	4	11	3	6	8	10		66+
9.	10	4	1	11	3	5	8	6	7	0	2	9		66+
10.	8	9	10	11	7	4	6	2	5	3	0	1		66+
														=660
	71+	44+	66+	39+	69+	65+	53+	37+	65+	55+	34+	62	=660

Tablica kosztów
 \	5	15	15	10	
15	10	0	20	11	
25	12	7	9	20	
5	0	14	16	18	

Tablica przewozów
Optymalne rozwiązanie
 \	5	15	15	10	
15	0	15	0	0	
25	0	0	15	10	
5	5	0	0	0	
Funkcja oceny: 335
 indexu = 5
Osobnik nr 81
 \	1.	2.	3.	4.	5.	6.	7.	8.	9.	10.	11.	12.	
1.	7	1	6	2	4	11	9	8	0	10	5	3		66+
2.	10	4	1	11	3	5	8	6	7	0	2	9		66+
3.	5	3	9	0	11	8	4	1	10	7	2	6		66+
4.	5	3	9	0	11	8	4	1	10	7	2	6		66+
5.	5	9	2	0	7	1	4	11	3	6	8	10		66+
6.	8	9	10	11	7	4	6	2	5	3	0	1		66+
7.	5	3	9	0	11	8	4	1	10	7	2	6		66+
8.	10	4	1	11	3	5	8	6	7	0	2	9		66+
9.	5	3	9	0	11	8	4	1	10	7	2	6		66+
10.	11	5	10	4	1	7	2	0	3	8	9	6		66+
														=660
	71+	44+	66+	39+	69+	65+	53+	37+	65+	55+	34+	62	=660

Tablica kosztów
 \	5	15	15	10	
15	10	0	20	11	
25	12	7	9	20	
5	0	14	16	18	

Tablica przewozów
Optymalne rozwiązanie
 \	5	15	15	10	
15	0	15	0	0	
25	0	0	15	10	
5	5	0	0	0	
Funkcja oceny: 335
 indexu = 0
Osobnik nr 82
 \	1.	2.	3.	4.	5.	6.	7.	8.	9.	10.	11.	12.	
1.	8	9	10	11	7	4	6	2	5	3	0	1		66+
2.	5	3	9	0	11	8	4	1	10	7	2	6		66+
3.	10	4	1	11	3	5	8	6	7	0	2	9		66+
4.	7	1	6	2	4	11	9	8	0	10	5	3		66+
5.	11	5	10	4	1	7	2	0	3	8	9	6		66+
6.	5	3	9	0	11	8	4	1	10	7	2	6		66+
7.	5	9	2	0	7	1	4	11	3	6	8	10		66+
8.	5	3	9	0	11	8	4	1	10	7	2	6		66+
9.	10	4	1	11	3	5	8	6	7	0	2	9		66+
10.	5	3	9	0	11	8	4	1	10	7	2	6		66+
														=660
	71+	44+	66+	39+	69+	65+	53+	37+	65+	55+	34+	62	=660

Tablica kosztów
 \	5	15	15	10	
15	10	0	20	11	
25	12	7	9	20	
5	0	14	16	18	

Tablica przewozów
Optymalne rozwiązanie
 \	5	15	15	10	
15	0	15	0	0	
25	0	0	15	10	
5	5	0	0	0	
Funkcja oceny: 335
 indexu = 0
Osobnik nr 83
 \	1.	2.	3.	4.	5.	6.	7.	8.	9.	10.	11.	12.	
1.	8	9	10	11	7	4	6	2	5	3	0	1		66+
2.	5	3	9	0	11	8	4	1	10	7	2	6		66+
3.	5	3	9	0	11	8	4	1	10	7	2	6		66+
4.	11	5	10	4	1	7	2	0	3	8	9	6		66+
5.	7	1	6	2	4	11	9	8	0	10	5	3		66+
6.	10	4	1	11	3	5	8	6	7	0	2	9		66+
7.	5	3	9	0	11	8	4	1	10	7	2	6		66+
8.	5	9	2	0	7	1	4	11	3	6	8	10		66+
9.	5	3	9	0	11	8	4	1	10	7	2	6		66+
10.	10	4	1	11	3	5	8	6	7	0	2	9		66+
														=660
	71+	44+	66+	39+	69+	65+	53+	37+	65+	55+	34+	62	=660

Tablica kosztów
 \	5	15	15	10	
15	10	0	20	11	
25	12	7	9	20	
5	0	14	16	18	

Tablica przewozów
Optymalne rozwiązanie
 \	5	15	15	10	
15	0	15	0	0	
25	0	0	15	10	
5	5	0	0	0	
Funkcja oceny: 335
 indexu = 4
Osobnik nr 84
 \	1.	2.	3.	4.	5.	6.	7.	8.	9.	10.	11.	12.	
1.	7	1	6	2	4	11	9	8	0	10	5	3		66+
2.	5	9	2	0	7	1	4	11	3	6	8	10		66+
3.	10	4	1	11	3	5	8	6	7	0	2	9		66+
4.	5	3	9	0	11	8	4	1	10	7	2	6		66+
5.	5	3	9	0	11	8	4	1	10	7	2	6		66+
6.	5	3	9	0	11	8	4	1	10	7	2	6		66+
7.	11	5	10	4	1	7	2	0	3	8	9	6		66+
8.	5	3	9	0	11	8	4	1	10	7	2	6		66+
9.	8	9	10	11	7	4	6	2	5	3	0	1		66+
10.	10	4	1	11	3	5	8	6	7	0	2	9		66+
														=660
	71+	44+	66+	39+	69+	65+	53+	37+	65+	55+	34+	62	=660

Tablica kosztów
 \	5	15	15	10	
15	10	0	20	11	
25	12	7	9	20	
5	0	14	16	18	

Tablica przewozów
Optymalne rozwiązanie
 \	5	15	15	10	
15	0	15	0	0	
25	0	0	15	10	
5	5	0	0	0	
Funkcja oceny: 335
 indexu = 0
Osobnik nr 85
 \	1.	2.	3.	4.	5.	6.	7.	8.	9.	10.	11.	12.	
1.	8	9	10	11	7	4	6	2	5	3	0	1		66+
2.	5	3	9	0	11	8	4	1	10	7	2	6		66+
3.	5	3	9	0	11	8	4	1	10	7	2	6		66+
4.	7	1	6	2	4	11	9	8	0	10	5	3		66+
5.	5	9	2	0	7	1	4	11	3	6	8	10		66+
6.	10	4	1	11	3	5	8	6	7	0	2	9		66+
7.	10	4	1	11	3	5	8	6	7	0	2	9		66+
8.	11	5	10	4	1	7	2	0	3	8	9	6		66+
9.	5	3	9	0	11	8	4	1	10	7	2	6		66+
10.	5	3	9	0	11	8	4	1	10	7	2	6		66+
														=660
	71+	44+	66+	39+	69+	65+	53+	37+	65+	55+	34+	62	=660

Tablica kosztów
 \	5	15	15	10	
15	10	0	20	11	
25	12	7	9	20	
5	0	14	16	18	

Tablica przewozów
Optymalne rozwiązanie
 \	5	15	15	10	
15	0	15	0	0	
25	0	0	15	10	
5	5	0	0	0	
Funkcja oceny: 335
 indexu = 0
Osobnik nr 86
 \	1.	2.	3.	4.	5.	6.	7.	8.	9.	10.	11.	12.	
1.	5	3	9	0	11	8	4	1	10	7	2	6		66+
2.	7	1	6	2	4	11	9	8	0	10	5	3		66+
3.	10	4	1	11	3	5	8	6	7	0	2	9		66+
4.	5	3	9	0	11	8	4	1	10	7	2	6		66+
5.	10	4	1	11	3	5	8	6	7	0	2	9		66+
6.	8	9	10	11	7	4	6	2	5	3	0	1		66+
7.	5	9	2	0	7	1	4	11	3	6	8	10		66+
8.	5	3	9	0	11	8	4	1	10	7	2	6		66+
9.	5	3	9	0	11	8	4	1	10	7	2	6		66+
10.	11	5	10	4	1	7	2	0	3	8	9	6		66+
														=660
	71+	44+	66+	39+	69+	65+	53+	37+	65+	55+	34+	62	=660

Tablica kosztów
 \	5	15	15	10	
15	10	0	20	11	
25	12	7	9	20	
5	0	14	16	18	

Tablica przewozów
Optymalne rozwiązanie
 \	5	15	15	10	
15	0	15	0	0	
25	0	0	15	10	
5	5	0	0	0	
Funkcja oceny: 335
 indexu = 1
Osobnik nr 87
 \	1.	2.	3.	4.	5.	6.	7.	8.	9.	10.	11.	12.	
1.	10	4	1	11	3	5	8	6	7	0	2	9		66+
2.	8	9	10	11	7	4	6	2	5	3	0	1		66+
3.	10	4	1	11	3	5	8	6	7	0	2	9		66+
4.	5	3	9	0	11	8	4	1	10	7	2	6		66+
5.	5	9	2	0	7	1	4	11	3	6	8	10		66+
6.	5	3	9	0	11	8	4	1	10	7	2	6		66+
7.	7	1	6	2	4	11	9	8	0	10	5	3		66+
8.	5	3	9	0	11	8	4	1	10	7	2	6		66+
9.	5	3	9	0	11	8	4	1	10	7	2	6		66+
10.	11	5	10	4	1	7	2	0	3	8	9	6		66+
														=660
	71+	44+	66+	39+	69+	65+	53+	37+	65+	55+	34+	62	=660

Tablica kosztów
 \	5	15	15	10	
15	10	0	20	11	
25	12	7	9	20	
5	0	14	16	18	

Tablica przewozów
Optymalne rozwiązanie
 \	5	15	15	10	
15	0	15	0	0	
25	0	0	15	10	
5	5	0	0	0	
Funkcja oceny: 335
 indexu = 6
Osobnik nr 88
 \	1.	2.	3.	4.	5.	6.	7.	8.	9.	10.	11.	12.	
1.	5	9	2	0	7	1	4	11	3	6	8	10		66+
2.	7	1	6	2	4	11	9	8	0	10	5	3		66+
3.	5	3	9	0	11	8	4	1	10	7	2	6		66+
4.	5	3	9	0	11	8	4	1	10	7	2	6		66+
5.	10	4	1	11	3	5	8	6	7	0	2	9		66+
6.	11	5	10	4	1	7	2	0	3	8	9	6		66+
7.	8	9	10	11	7	4	6	2	5	3	0	1		66+
8.	5	3	9	0	11	8	4	1	10	7	2	6		66+
9.	10	4	1	11	3	5	8	6	7	0	2	9		66+
10.	5	3	9	0	11	8	4	1	10	7	2	6		66+
														=660
	71+	44+	66+	39+	69+	65+	53+	37+	65+	55+	34+	62	=660

Tablica kosztów
 \	5	15	15	10	
15	10	0	20	11	
25	12	7	9	20	
5	0	14	16	18	

Tablica przewozów
Optymalne rozwiązanie
 \	5	15	15	10	
15	0	15	0	0	
25	0	0	15	10	
5	5	0	0	0	
Funkcja oceny: 335
 indexu = 1
Osobnik nr 89
 \	1.	2.	3.	4.	5.	6.	7.	8.	9.	10.	11.	12.	
1.	5	9	2	0	7	1	4	11	3	6	8	10		66+
2.	5	3	9	0	11	8	4	1	10	7	2	6		66+
3.	8	9	10	11	7	4	6	2	5	3	0	1		66+
4.	5	3	9	0	11	8	4	1	10	7	2	6		66+
5.	5	3	9	0	11	8	4	1	10	7	2	6		66+
6.	10	4	1	11	3	5	8	6	7	0	2	9		66+
7.	11	5	10	4	1	7	2	0	3	8	9	6		66+
8.	7	1	6	2	4	11	9	8	0	10	5	3		66+
9.	10	4	1	11	3	5	8	6	7	0	2	9		66+
10.	5	3	9	0	11	8	4	1	10	7	2	6		66+
														=660
	71+	44+	66+	39+	69+	65+	53+	37+	65+	55+	34+	62	=660

Tablica kosztów
 \	5	15	15	10	
15	10	0	20	11	
25	12	7	9	20	
5	0	14	16	18	

Tablica przewozów
Optymalne rozwiązanie
 \	5	15	15	10	
15	0	15	0	0	
25	0	0	15	10	
5	5	0	0	0	
Funkcja oceny: 335
 indexu = 7
Osobnik nr 90
 \	1.	2.	3.	4.	5.	6.	7.	8.	9.	10.	11.	12.	
1.	5	3	9	0	11	8	4	1	10	7	2	6		66+
2.	5	3	9	0	11	8	4	1	10	7	2	6		66+
3.	5	3	9	0	11	8	4	1	10	7	2	6		66+
4.	5	3	9	0	11	8	4	1	10	7	2	6		66+
5.	7	1	6	2	4	11	9	8	0	10	5	3		66+
6.	5	9	2	0	7	1	4	11	3	6	8	10		66+
7.	11	5	10	4	1	7	2	0	3	8	9	6		66+
8.	10	4	1	11	3	5	8	6	7	0	2	9		66+
9.	10	4	1	11	3	5	8	6	7	0	2	9		66+
10.	8	9	10	11	7	4	6	2	5	3	0	1		66+
														=660
	71+	44+	66+	39+	69+	65+	53+	37+	65+	55+	34+	62	=660

Tablica kosztów
 \	5	15	15	10	
15	10	0	20	11	
25	12	7	9	20	
5	0	14	16	18	

Tablica przewozów
Optymalne rozwiązanie
 \	5	15	15	10	
15	0	15	0	0	
25	0	0	15	10	
5	5	0	0	0	
Funkcja oceny: 335
 indexu = 4
Osobnik nr 91
 \	1.	2.	3.	4.	5.	6.	7.	8.	9.	10.	11.	12.	
1.	5	3	9	0	11	8	4	1	10	7	2	6		66+
2.	7	1	6	2	4	11	9	8	0	10	5	3		66+
3.	8	9	10	11	7	4	6	2	5	3	0	1		66+
4.	10	4	1	11	3	5	8	6	7	0	2	9		66+
5.	5	3	9	0	11	8	4	1	10	7	2	6		66+
6.	5	3	9	0	11	8	4	1	10	7	2	6		66+
7.	5	9	2	0	7	1	4	11	3	6	8	10		66+
8.	10	4	1	11	3	5	8	6	7	0	2	9		66+
9.	11	5	10	4	1	7	2	0	3	8	9	6		66+
10.	5	3	9	0	11	8	4	1	10	7	2	6		66+
														=660
	71+	44+	66+	39+	69+	65+	53+	37+	65+	55+	34+	62	=660

Tablica kosztów
 \	5	15	15	10	
15	10	0	20	11	
25	12	7	9	20	
5	0	14	16	18	

Tablica przewozów
Optymalne rozwiązanie
 \	5	15	15	10	
15	0	15	0	0	
25	0	0	15	10	
5	5	0	0	0	
Funkcja oceny: 335
 indexu = 2
Osobnik nr 92
 \	1.	2.	3.	4.	5.	6.	7.	8.	9.	10.	11.	12.	
1.	10	4	1	11	3	5	8	6	7	0	2	9		66+
2.	10	4	1	11	3	5	8	6	7	0	2	9		66+
3.	7	1	6	2	4	11	9	8	0	10	5	3		66+
4.	5	3	9	0	11	8	4	1	10	7	2	6		66+
5.	5	9	2	0	7	1	4	11	3	6	8	10		66+
6.	5	3	9	0	11	8	4	1	10	7	2	6		66+
7.	8	9	10	11	7	4	6	2	5	3	0	1		66+
8.	5	3	9	0	11	8	4	1	10	7	2	6		66+
9.	11	5	10	4	1	7	2	0	3	8	9	6		66+
10.	5	3	9	0	11	8	4	1	10	7	2	6		66+
														=660
	71+	44+	66+	39+	69+	65+	53+	37+	65+	55+	34+	62	=660

Tablica kosztów
 \	5	15	15	10	
15	10	0	20	11	
25	12	7	9	20	
5	0	14	16	18	

Tablica przewozów
Optymalne rozwiązanie
 \	5	15	15	10	
15	0	15	0	0	
25	0	0	15	10	
5	5	0	0	0	
Funkcja oceny: 335
 indexu = 6
Osobnik nr 93
 \	1.	2.	3.	4.	5.	6.	7.	8.	9.	10.	11.	12.	
1.	10	4	1	11	3	5	8	6	7	0	2	9		66+
2.	5	3	9	0	11	8	4	1	10	7	2	6		66+
3.	10	4	1	11	3	5	8	6	7	0	2	9		66+
4.	5	3	9	0	11	8	4	1	10	7	2	6		66+
5.	8	9	10	11	7	4	6	2	5	3	0	1		66+
6.	11	5	10	4	1	7	2	0	3	8	9	6		66+
7.	7	1	6	2	4	11	9	8	0	10	5	3		66+
8.	5	9	2	0	7	1	4	11	3	6	8	10		66+
9.	5	3	9	0	11	8	4	1	10	7	2	6		66+
10.	5	3	9	0	11	8	4	1	10	7	2	6		66+
														=660
	71+	44+	66+	39+	69+	65+	53+	37+	65+	55+	34+	62	=660

Tablica kosztów
 \	5	15	15	10	
15	10	0	20	11	
25	12	7	9	20	
5	0	14	16	18	

Tablica przewozów
Optymalne rozwiązanie
 \	5	15	15	10	
15	0	15	0	0	
25	0	0	15	10	
5	5	0	0	0	
Funkcja oceny: 335
 indexu = 4
Osobnik nr 94
 \	1.	2.	3.	4.	5.	6.	7.	8.	9.	10.	11.	12.	
1.	11	5	10	4	1	7	2	0	3	8	9	6		66+
2.	10	4	1	11	3	5	8	6	7	0	2	9		66+
3.	7	1	6	2	4	11	9	8	0	10	5	3		66+
4.	5	3	9	0	11	8	4	1	10	7	2	6		66+
5.	5	9	2	0	7	1	4	11	3	6	8	10		66+
6.	5	3	9	0	11	8	4	1	10	7	2	6		66+
7.	5	3	9	0	11	8	4	1	10	7	2	6		66+
8.	10	4	1	11	3	5	8	6	7	0	2	9		66+
9.	5	3	9	0	11	8	4	1	10	7	2	6		66+
10.	8	9	10	11	7	4	6	2	5	3	0	1		66+
														=660
	71+	44+	66+	39+	69+	65+	53+	37+	65+	55+	34+	62	=660

Tablica kosztów
 \	5	15	15	10	
15	10	0	20	11	
25	12	7	9	20	
5	0	14	16	18	

Tablica przewozów
Optymalne rozwiązanie
 \	5	15	15	10	
15	0	15	0	0	
25	0	0	15	10	
5	5	0	0	0	
Funkcja oceny: 335
 indexu = 2
Osobnik nr 95
 \	1.	2.	3.	4.	5.	6.	7.	8.	9.	10.	11.	12.	
1.	10	4	1	11	3	5	8	6	7	0	2	9		66+
2.	11	5	10	4	1	7	2	0	3	8	9	6		66+
3.	8	9	10	11	7	4	6	2	5	3	0	1		66+
4.	5	3	9	0	11	8	4	1	10	7	2	6		66+
5.	5	9	2	0	7	1	4	11	3	6	8	10		66+
6.	7	1	6	2	4	11	9	8	0	10	5	3		66+
7.	5	3	9	0	11	8	4	1	10	7	2	6		66+
8.	10	4	1	11	3	5	8	6	7	0	2	9		66+
9.	5	3	9	0	11	8	4	1	10	7	2	6		66+
10.	5	3	9	0	11	8	4	1	10	7	2	6		66+
														=660
	71+	44+	66+	39+	69+	65+	53+	37+	65+	55+	34+	62	=660

Tablica kosztów
 \	5	15	15	10	
15	10	0	20	11	
25	12	7	9	20	
5	0	14	16	18	

Tablica przewozów
Optymalne rozwiązanie
 \	5	15	15	10	
15	0	15	0	0	
25	0	0	15	10	
5	5	0	0	0	
Funkcja oceny: 335
 indexu = 2
Osobnik nr 96
 \	1.	2.	3.	4.	5.	6.	7.	8.	9.	10.	11.	12.	
1.	11	5	10	4	1	7	2	0	3	8	9	6		66+
2.	5	3	9	0	11	8	4	1	10	7	2	6		66+
3.	5	3	9	0	11	8	4	1	10	7	2	6		66+
4.	5	9	2	0	7	1	4	11	3	6	8	10		66+
5.	10	4	1	11	3	5	8	6	7	0	2	9		66+
6.	7	1	6	2	4	11	9	8	0	10	5	3		66+
7.	5	3	9	0	11	8	4	1	10	7	2	6		66+
8.	5	3	9	0	11	8	4	1	10	7	2	6		66+
9.	10	4	1	11	3	5	8	6	7	0	2	9		66+
10.	8	9	10	11	7	4	6	2	5	3	0	1		66+
														=660
	71+	44+	66+	39+	69+	65+	53+	37+	65+	55+	34+	62	=660

Tablica kosztów
 \	5	15	15	10	
15	10	0	20	11	
25	12	7	9	20	
5	0	14	16	18	

Tablica przewozów
Optymalne rozwiązanie
 \	5	15	15	10	
15	0	15	0	0	
25	0	0	15	10	
5	5	0	0	0	
Funkcja oceny: 335
 indexu = 9
Osobnik nr 97
 \	1.	2.	3.	4.	5.	6.	7.	8.	9.	10.	11.	12.	
1.	5	3	9	0	11	8	4	1	10	7	2	6		66+
2.	8	9	10	11	7	4	6	2	5	3	0	1		66+
3.	5	9	2	0	7	1	4	11	3	6	8	10		66+
4.	5	3	9	0	11	8	4	1	10	7	2	6		66+
5.	10	4	1	11	3	5	8	6	7	0	2	9		66+
6.	10	4	1	11	3	5	8	6	7	0	2	9		66+
7.	5	3	9	0	11	8	4	1	10	7	2	6		66+
8.	7	1	6	2	4	11	9	8	0	10	5	3		66+
9.	5	3	9	0	11	8	4	1	10	7	2	6		66+
10.	11	5	10	4	1	7	2	0	3	8	9	6		66+
														=660
	71+	44+	66+	39+	69+	65+	53+	37+	65+	55+	34+	62	=660

Tablica kosztów
 \	5	15	15	10	
15	10	0	20	11	
25	12	7	9	20	
5	0	14	16	18	

Tablica przewozów
Optymalne rozwiązanie
 \	5	15	15	10	
15	0	15	0	0	
25	0	0	15	10	
5	5	0	0	0	
Funkcja oceny: 335
 indexu = 7
Osobnik nr 98
 \	1.	2.	3.	4.	5.	6.	7.	8.	9.	10.	11.	12.	
1.	8	9	10	11	7	4	6	2	5	3	0	1		66+
2.	5	3	9	0	11	8	4	1	10	7	2	6		66+
3.	5	3	9	0	11	8	4	1	10	7	2	6		66+
4.	5	9	2	0	7	1	4	11	3	6	8	10		66+
5.	10	4	1	11	3	5	8	6	7	0	2	9		66+
6.	11	5	10	4	1	7	2	0	3	8	9	6		66+
7.	7	1	6	2	4	11	9	8	0	10	5	3		66+
8.	5	3	9	0	11	8	4	1	10	7	2	6		66+
9.	5	3	9	0	11	8	4	1	10	7	2	6		66+
10.	10	4	1	11	3	5	8	6	7	0	2	9		66+
														=660
	71+	44+	66+	39+	69+	65+	53+	37+	65+	55+	34+	62	=660

Tablica kosztów
 \	5	15	15	10	
15	10	0	20	11	
25	12	7	9	20	
5	0	14	16	18	

Tablica przewozów
Optymalne rozwiązanie
 \	5	15	15	10	
15	0	15	0	0	
25	0	0	15	10	
5	5	0	0	0	
Funkcja oceny: 335
 indexu = 6
Osobnik nr 99
 \	1.	2.	3.	4.	5.	6.	7.	8.	9.	10.	11.	12.	
1.	5	9	2	0	7	1	4	11	3	6	8	10		66+
2.	10	4	1	11	3	5	8	6	7	0	2	9		66+
3.	5	3	9	0	11	8	4	1	10	7	2	6		66+
4.	5	3	9	0	11	8	4	1	10	7	2	6		66+
5.	8	9	10	11	7	4	6	2	5	3	0	1		66+
6.	7	1	6	2	4	11	9	8	0	10	5	3		66+
7.	5	3	9	0	11	8	4	1	10	7	2	6		66+
8.	5	3	9	0	11	8	4	1	10	7	2	6		66+
9.	11	5	10	4	1	7	2	0	3	8	9	6		66+
10.	10	4	1	11	3	5	8	6	7	0	2	9		66+
														=660
	71+	44+	66+	39+	69+	65+	53+	37+	65+	55+	34+	62	=660

Tablica kosztów
 \	5	15	15	10	
15	10	0	20	11	
25	12	7	9	20	
5	0	14	16	18	

Tablica przewozów
Optymalne rozwiązanie
 \	5	15	15	10	
15	0	15	0	0	
25	0	0	15	10	
5	5	0	0	0	
Funkcja oceny: 335
 indexu = 5
Osobnik nr 100
 \	1.	2.	3.	4.	5.	6.	7.	8.	9.	10.	11.	12.	
1.	11	5	10	4	1	7	2	0	3	8	9	6		66+
2.	5	3	9	0	11	8	4	1	10	7	2	6		66+
3.	7	1	6	2	4	11	9	8	0	10	5	3		66+
4.	5	9	2	0	7	1	4	11	3	6	8	10		66+
5.	10	4	1	11	3	5	8	6	7	0	2	9		66+
6.	5	3	9	0	11	8	4	1	10	7	2	6		66+
7.	8	9	10	11	7	4	6	2	5	3	0	1		66+
8.	5	3	9	0	11	8	4	1	10	7	2	6		66+
9.	10	4	1	11	3	5	8	6	7	0	2	9		66+
10.	5	3	9	0	11	8	4	1	10	7	2	6		66+
														=660
	71+	44+	66+	39+	69+	65+	53+	37+	65+	55+	34+	62	=660

Tablica kosztów
 \	5	15	15	10	
15	10	0	20	11	
25	12	7	9	20	
5	0	14	16	18	

Tablica przewozów
Optymalne rozwiązanie
 \	5	15	15	10	
15	0	15	0	0	
25	0	0	15	10	
5	5	0	0	0	
Funkcja oceny: 335
 indexu = 2
Algorytm genetyczny: 

