Problem transportowy
Osobnik nr 1
 \	1.	2.	3.	4.	5.	6.	7.	8.	9.	10.	11.	12.	
1.	5	1	4	2	6	11	10	0	9	8	3	7		66+
2.	5	11	8	3	0	2	9	10	6	7	1	4		66+
3.	8	11	7	9	4	2	10	6	3	0	5	1		66+
4.	0	7	6	8	9	5	1	10	2	3	4	11		66+
5.	0	7	6	8	9	5	1	10	2	3	4	11		66+
6.	0	4	9	2	3	11	6	7	5	8	1	10		66+
7.	0	4	9	2	3	11	6	7	5	8	1	10		66+
8.	5	1	4	2	6	11	10	0	9	8	3	7		66+
9.	5	1	4	2	6	11	10	0	9	8	3	7		66+
10.	5	11	8	3	0	2	9	10	6	7	1	4		66+
														=660
	33+	58+	65+	41+	46+	71+	72+	60+	56+	60+	26+	72	=660

Tablica kosztów
 \	5	15	15	10	
15	10	0	20	11	
25	12	7	9	20	
5	0	14	16	18	

Tablica przewozów
Optymalne rozwiązanie
 \	5	15	15	10	
15	5	10	0	0	
25	0	0	15	10	
5	0	5	0	0	
Funkcja oceny: 455
 indexu = 3
Osobnik nr 2
 \	1.	2.	3.	4.	5.	6.	7.	8.	9.	10.	11.	12.	
1.	5	11	8	3	0	2	9	10	6	7	1	4		66+
2.	5	1	4	2	6	11	10	0	9	8	3	7		66+
3.	0	4	9	2	3	11	6	7	5	8	1	10		66+
4.	0	7	6	8	9	5	1	10	2	3	4	11		66+
5.	5	11	8	3	0	2	9	10	6	7	1	4		66+
6.	0	4	9	2	3	11	6	7	5	8	1	10		66+
7.	8	11	7	9	4	2	10	6	3	0	5	1		66+
8.	5	1	4	2	6	11	10	0	9	8	3	7		66+
9.	5	1	4	2	6	11	10	0	9	8	3	7		66+
10.	0	7	6	8	9	5	1	10	2	3	4	11		66+
														=660
	33+	58+	65+	41+	46+	71+	72+	60+	56+	60+	26+	72	=660

Tablica kosztów
 \	5	15	15	10	
15	10	0	20	11	
25	12	7	9	20	
5	0	14	16	18	

Tablica przewozów
Optymalne rozwiązanie
 \	5	15	15	10	
15	5	10	0	0	
25	0	0	15	10	
5	0	5	0	0	
Funkcja oceny: 455
 indexu = 9
Osobnik nr 3
 \	1.	2.	3.	4.	5.	6.	7.	8.	9.	10.	11.	12.	
1.	0	4	9	2	3	11	6	7	5	8	1	10		66+
2.	5	1	4	2	6	11	10	0	9	8	3	7		66+
3.	5	1	4	2	6	11	10	0	9	8	3	7		66+
4.	0	4	9	2	3	11	6	7	5	8	1	10		66+
5.	5	1	4	2	6	11	10	0	9	8	3	7		66+
6.	8	11	7	9	4	2	10	6	3	0	5	1		66+
7.	0	7	6	8	9	5	1	10	2	3	4	11		66+
8.	5	11	8	3	0	2	9	10	6	7	1	4		66+
9.	0	7	6	8	9	5	1	10	2	3	4	11		66+
10.	5	11	8	3	0	2	9	10	6	7	1	4		66+
														=660
	33+	58+	65+	41+	46+	71+	72+	60+	56+	60+	26+	72	=660

Tablica kosztów
 \	5	15	15	10	
15	10	0	20	11	
25	12	7	9	20	
5	0	14	16	18	

Tablica przewozów
Optymalne rozwiązanie
 \	5	15	15	10	
15	5	10	0	0	
25	0	0	15	10	
5	0	5	0	0	
Funkcja oceny: 455
 indexu = 8
Osobnik nr 4
 \	1.	2.	3.	4.	5.	6.	7.	8.	9.	10.	11.	12.	
1.	0	4	9	2	3	11	6	7	5	8	1	10		66+
2.	0	4	9	2	3	11	6	7	5	8	1	10		66+
3.	5	1	4	2	6	11	10	0	9	8	3	7		66+
4.	0	7	6	8	9	5	1	10	2	3	4	11		66+
5.	8	11	7	9	4	2	10	6	3	0	5	1		66+
6.	5	11	8	3	0	2	9	10	6	7	1	4		66+
7.	0	7	6	8	9	5	1	10	2	3	4	11		66+
8.	5	11	8	3	0	2	9	10	6	7	1	4		66+
9.	5	1	4	2	6	11	10	0	9	8	3	7		66+
10.	5	1	4	2	6	11	10	0	9	8	3	7		66+
														=660
	33+	58+	65+	41+	46+	71+	72+	60+	56+	60+	26+	72	=660

Tablica kosztów
 \	5	15	15	10	
15	10	0	20	11	
25	12	7	9	20	
5	0	14	16	18	

Tablica przewozów
Optymalne rozwiązanie
 \	5	15	15	10	
15	5	10	0	0	
25	0	0	15	10	
5	0	5	0	0	
Funkcja oceny: 455
 indexu = 6
Osobnik nr 5
 \	1.	2.	3.	4.	5.	6.	7.	8.	9.	10.	11.	12.	
1.	0	4	9	2	3	11	6	7	5	8	1	10		66+
2.	0	7	6	8	9	5	1	10	2	3	4	11		66+
3.	5	11	8	3	0	2	9	10	6	7	1	4		66+
4.	5	1	4	2	6	11	10	0	9	8	3	7		66+
5.	8	11	7	9	4	2	10	6	3	0	5	1		66+
6.	5	11	8	3	0	2	9	10	6	7	1	4		66+
7.	0	4	9	2	3	11	6	7	5	8	1	10		66+
8.	5	1	4	2	6	11	10	0	9	8	3	7		66+
9.	0	7	6	8	9	5	1	10	2	3	4	11		66+
10.	5	1	4	2	6	11	10	0	9	8	3	7		66+
														=660
	33+	58+	65+	41+	46+	71+	72+	60+	56+	60+	26+	72	=660

Tablica kosztów
 \	5	15	15	10	
15	10	0	20	11	
25	12	7	9	20	
5	0	14	16	18	

Tablica przewozów
Optymalne rozwiązanie
 \	5	15	15	10	
15	5	10	0	0	
25	0	0	15	10	
5	0	5	0	0	
Funkcja oceny: 455
 indexu = 1
Algorytm genetyczny: 

