Problem transportowy
Osobnik nr 1
 \	1.	2.	3.	4.	5.	6.	7.	8.	9.	10.	11.	12.	
1.	4	8	2	11	5	6	0	9	7	10	3	1		66+
2.	3	2	6	0	11	8	4	5	7	9	1	10		66+
3.	5	6	4	2	7	10	8	1	3	9	0	11		66+
4.	10	0	9	11	7	1	8	5	2	3	4	6		66+
5.	7	3	11	0	10	9	8	1	5	4	2	6		66+
6.	5	6	4	2	7	10	8	1	3	9	0	11		66+
7.	3	2	6	0	11	8	4	5	7	9	1	10		66+
8.	4	8	2	11	5	6	0	9	7	10	3	1		66+
9.	10	0	9	11	7	1	8	5	2	3	4	6		66+
10.	5	6	4	2	7	10	8	1	3	9	0	11		66+
														=660
	56+	41+	57+	50+	77+	69+	56+	42+	46+	75+	18+	73	=660

Tablica kosztów
 \	5	15	15	10	
15	10	0	20	11	
25	12	7	9	20	
5	0	14	16	18	

Tablica przewozów
Optymalne rozwiązanie
 \	5	15	15	10	
15	0	0	5	10	
25	0	15	10	0	
5	5	0	0	0	
Funkcja oceny: 405
 indexu = 9
Osobnik nr 2
 \	1.	2.	3.	4.	5.	6.	7.	8.	9.	10.	11.	12.	
1.	3	2	6	0	11	8	4	5	7	9	1	10		66+
2.	4	8	2	11	5	6	0	9	7	10	3	1		66+
3.	5	6	4	2	7	10	8	1	3	9	0	11		66+
4.	10	0	9	11	7	1	8	5	2	3	4	6		66+
5.	5	6	4	2	7	10	8	1	3	9	0	11		66+
6.	7	3	11	0	10	9	8	1	5	4	2	6		66+
7.	4	8	2	11	5	6	0	9	7	10	3	1		66+
8.	10	0	9	11	7	1	8	5	2	3	4	6		66+
9.	3	2	6	0	11	8	4	5	7	9	1	10		66+
10.	5	6	4	2	7	10	8	1	3	9	0	11		66+
														=660
	56+	41+	57+	50+	77+	69+	56+	42+	46+	75+	18+	73	=660

Tablica kosztów
 \	5	15	15	10	
15	10	0	20	11	
25	12	7	9	20	
5	0	14	16	18	

Tablica przewozów
Optymalne rozwiązanie
 \	5	15	15	10	
15	0	0	5	10	
25	0	15	10	0	
5	5	0	0	0	
Funkcja oceny: 405
 indexu = 2
Osobnik nr 3
 \	1.	2.	3.	4.	5.	6.	7.	8.	9.	10.	11.	12.	
1.	7	3	11	0	10	9	8	1	5	4	2	6		66+
2.	5	6	4	2	7	10	8	1	3	9	0	11		66+
3.	5	6	4	2	7	10	8	1	3	9	0	11		66+
4.	3	2	6	0	11	8	4	5	7	9	1	10		66+
5.	3	2	6	0	11	8	4	5	7	9	1	10		66+
6.	5	6	4	2	7	10	8	1	3	9	0	11		66+
7.	10	0	9	11	7	1	8	5	2	3	4	6		66+
8.	4	8	2	11	5	6	0	9	7	10	3	1		66+
9.	4	8	2	11	5	6	0	9	7	10	3	1		66+
10.	10	0	9	11	7	1	8	5	2	3	4	6		66+
														=660
	56+	41+	57+	50+	77+	69+	56+	42+	46+	75+	18+	73	=660

Tablica kosztów
 \	5	15	15	10	
15	10	0	20	11	
25	12	7	9	20	
5	0	14	16	18	

Tablica przewozów
Optymalne rozwiązanie
 \	5	15	15	10	
15	0	0	5	10	
25	0	15	10	0	
5	5	0	0	0	
Funkcja oceny: 405
 indexu = 4
Osobnik nr 4
 \	1.	2.	3.	4.	5.	6.	7.	8.	9.	10.	11.	12.	
1.	3	2	6	0	11	8	4	5	7	9	1	10		66+
2.	5	6	4	2	7	10	8	1	3	9	0	11		66+
3.	3	2	6	0	11	8	4	5	7	9	1	10		66+
4.	5	6	4	2	7	10	8	1	3	9	0	11		66+
5.	10	0	9	11	7	1	8	5	2	3	4	6		66+
6.	10	0	9	11	7	1	8	5	2	3	4	6		66+
7.	4	8	2	11	5	6	0	9	7	10	3	1		66+
8.	7	3	11	0	10	9	8	1	5	4	2	6		66+
9.	5	6	4	2	7	10	8	1	3	9	0	11		66+
10.	4	8	2	11	5	6	0	9	7	10	3	1		66+
														=660
	56+	41+	57+	50+	77+	69+	56+	42+	46+	75+	18+	73	=660

Tablica kosztów
 \	5	15	15	10	
15	10	0	20	11	
25	12	7	9	20	
5	0	14	16	18	

Tablica przewozów
Optymalne rozwiązanie
 \	5	15	15	10	
15	0	0	5	10	
25	0	15	10	0	
5	5	0	0	0	
Funkcja oceny: 405
 indexu = 3
Osobnik nr 5
 \	1.	2.	3.	4.	5.	6.	7.	8.	9.	10.	11.	12.	
1.	10	0	9	11	7	1	8	5	2	3	4	6		66+
2.	5	6	4	2	7	10	8	1	3	9	0	11		66+
3.	4	8	2	11	5	6	0	9	7	10	3	1		66+
4.	5	6	4	2	7	10	8	1	3	9	0	11		66+
5.	3	2	6	0	11	8	4	5	7	9	1	10		66+
6.	10	0	9	11	7	1	8	5	2	3	4	6		66+
7.	4	8	2	11	5	6	0	9	7	10	3	1		66+
8.	3	2	6	0	11	8	4	5	7	9	1	10		66+
9.	5	6	4	2	7	10	8	1	3	9	0	11		66+
10.	7	3	11	0	10	9	8	1	5	4	2	6		66+
														=660
	56+	41+	57+	50+	77+	69+	56+	42+	46+	75+	18+	73	=660

Tablica kosztów
 \	5	15	15	10	
15	10	0	20	11	
25	12	7	9	20	
5	0	14	16	18	

Tablica przewozów
Optymalne rozwiązanie
 \	5	15	15	10	
15	0	0	5	10	
25	0	15	10	0	
5	5	0	0	0	
Funkcja oceny: 405
 indexu = 1
Algorytm genetyczny: 

