Epoka nr 63
MUTACJA dla osobnika nr 5
 \	1.	2.	3.	4.	5.	6.	7.	8.	9.	10.	11.	12.	
1.	29	19	0	0	0	0	0	12	0	0	0	6		66+
2.	6	0	0	29	20	0	0	0	0	0	0	11		66+
3.	14	18	26	0	0	0	4	0	0	0	3	1		66+
4.	0	1	8	0	20	0	0	0	0	26	0	11		66+
5.	0	0	4	4	0	39	0	0	0	0	9	10		66+
6.	0	0	8	5	8	21	0	18	0	0	0	6		66+
7.	0	0	0	0	0	0	24	0	0	37	4	1		66+
8.	0	0	0	0	0	0	0	7	41	8	0	10		66+
9.	0	0	0	12	19	0	20	4	0	0	0	11		66+
10.	7	3	11	0	10	9	8	1	5	4	2	6		66+
														=660
	56+	41+	57+	50+	77+	69+	56+	42+	46+	75+	18+	73	=660
Wylosowano kolumny {1, 2, 5, 9}
Wylosowano wiersze {7, 8, 9}
Podmacierz W wylosowanych punktów
 \	1.	2.	5.	9.	
7.	0	0	0	0	
8.	0	0	0	41	
9.	0	0	19	0	
Zauważmy, że sourw[1] = 0, sourw[2] = 41, sourw[3] = 19, destw[1] = 0, destw[2] = 0, destw[3] = 19, destw[4] = 41
										
Po ponownej inicjalizacji macierzy W może ona przyjąć nastepującą postać
 \	1.	2.	5.	9.	
7.	0	0	0	0	
8.	0	0	0	41	
9.	0	0	19	0	

Populacja nr 5 po wykonaniu mutacji
 \	1.	2.	3.	4.	5.	6.	7.	8.	9.	10.	11.	12.	
1.	29	19	0	0	0	0	0	12	0	0	0	6	66
2.	6	0	0	29	20	0	0	0	0	0	0	11	66
3.	14	18	26	0	0	0	4	0	0	0	3	1	66
4.	0	1	8	0	20	0	0	0	0	26	0	11	66
5.	0	0	4	4	0	39	0	0	0	0	9	10	66
6.	0	0	8	5	8	21	0	18	0	0	0	6	66
7.	0	0	0	0	0	0	24	0	0	37	4	1	66
8.	0	0	0	0	0	0	0	7	41	8	0	10	66
9.	0	0	0	12	19	0	20	4	0	0	0	11	66
10.	7	3	11	0	10	9	8	1	5	4	2	6	66
													=660
56	41	57	50	77	69	56	42	46	75	18	73	=660

KRZYŻOWANIE dla osobnika 3ego z 2im
				OSOBNIK NR3 - V1 											OSOBNIK NR2 - V2
 \	1.	2.	3.	4.	5.	6.	7.	8.	9.	10.	11.	12.			 \	1.	2.	3.	4.	5.	6.	7.	8.	9.	10.	11.	12.	
1.	20	6	3	0	2	14	13	0	0	0	0	8			1.	0	0	0	4	16	5	0	15	7	9	0	10	
2.	5	0	4	14	10	1	0	6	2	13	0	11			2.	8	17	0	4	0	0	4	0	4	28	0	1	
3.	0	16	1	0	4	17	0	8	9	0	0	11			3.	0	6	8	2	7	10	8	7	0	0	7	11	
4.	0	1	2	12	18	5	0	3	8	6	0	11			4.	0	4	0	0	7	27	8	0	1	13	0	6	
5.	0	0	6	6	13	3	14	6	9	1	0	8			5.	3	0	3	2	0	10	0	0	31	0	6	11	
6.	24	3	3	0	8	16	0	0	0	1	2	9			6.	0	0	0	0	24	6	11	19	0	0	0	6	
7.	0	9	22	0	16	1	0	0	7	3	5	3			7.	0	8	25	0	16	0	0	0	0	16	0	1	
8.	0	2	10	7	0	8	5	0	7	24	0	3			8.	10	0	17	11	0	1	17	0	0	0	4	6	
9.	0	0	0	0	0	0	20	12	0	20	8	6			9.	30	0	0	25	0	0	0	0	0	0	1	10	
10.	7	4	6	11	6	4	4	7	4	7	3	3			10.	5	6	4	2	7	10	8	1	3	9	0	11	

				OSOBNIK NR3 - DIV 											OSOBNIK NR2 - REM
 \	1.	2.	3.	4.	5.	6.	7.	8.	9.	10.	11.	12.			 \	1.	2.	3.	4.	5.	6.	7.	8.	9.	10.	11.	12.	
1.	10	3	1	2	9	9	6	7	3	4	0	9			1.	0	0	1	0	0	1	1	1	1	1	0	0	6
2.	6	8	2	9	5	0	2	3	3	20	0	6			2.	1	1	0	0	0	1	0	0	0	1	0	0	4
3.	0	11	4	1	5	13	4	7	4	0	3	11			3.	0	0	1	0	1	1	0	1	1	0	1	0	6
4.	0	2	1	6	12	16	4	1	4	9	0	8			4.	0	1	0	0	1	0	0	1	1	1	0	1	6
5.	1	0	4	4	6	6	7	3	20	0	3	9			5.	1	0	1	0	1	1	0	0	0	1	0	1	6
6.	12	1	1	0	16	11	5	9	0	0	1	7			6.	0	1	1	0	0	0	1	1	0	1	0	1	6
7.	0	8	23	0	16	0	0	0	3	9	2	2			7.	0	1	1	0	0	1	0	0	1	1	1	0	6
8.	5	1	13	9	0	4	11	0	3	12	2	4			8.	0	0	1	0	0	1	0	0	1	0	0	1	4
9.	15	0	0	12	0	0	10	6	0	10	4	8			9.	0	0	0	1	0	0	0	0	0	0	1	0	2
10.	6	5	5	6	6	7	6	4	3	8	1	7			10.	0	0	0	1	1	0	0	0	1	0	1	0	4
																2	4	6	2	4	6	2	4	6	6	4	4

				OSOBNIK NR3 - REM1 											OSOBNIK NR2 - REM2
 \	1.	2.	3.	4.	5.	6.	7.	8.	9.	10.	11.	12.			 \	1.	2.	3.	4.	5.	6.	7.	8.	9.	10.	11.	12.	
1.	0	0	1	0	0	1	1	0	0	0	0	0	3		1.	0	0	0	0	0	0	0	1	1	1	0	0	3
2.	1	1	0	0	0	0	0	0	0	0	0	0	2		2.	0	0	0	0	0	1	0	0	0	1	0	0	2
3.	0	0	1	0	1	1	0	0	0	0	0	0	3		3.	0	0	0	0	0	0	0	1	1	0	1	0	3
4.	0	1	0	0	1	0	0	1	0	0	0	0	3		4.	0	0	0	0	0	0	0	0	1	1	0	1	3
5.	0	0	1	0	0	1	0	0	0	1	0	0	3		5.	1	0	0	0	1	0	0	0	0	0	0	1	3
6.	0	0	0	0	0	0	0	1	0	1	0	1	3		6.	0	1	1	0	0	0	1	0	0	0	0	0	3
7.	0	0	0	0	0	0	0	0	1	1	1	0	3		7.	0	1	1	0	0	1	0	0	0	0	0	0	3
8.	0	0	0	0	0	0	0	0	1	0	0	1	2		8.	0	0	1	0	0	1	0	0	0	0	0	0	2
9.	0	0	0	1	0	0	0	0	0	0	0	0	1		9.	0	0	0	0	0	0	0	0	0	0	1	0	1
10.	0	0	0	0	0	0	0	0	1	0	1	0	2		10.	0	0	0	1	1	0	0	0	0	0	0	0	2
	1	2	3	1	2	3	1	2	3	3	2	2			 	1	2	3	1	2	3	1	2	3	3	2	2	

				OSOBNIK NR3 - V3 											OSOBNIK NR2 - V4
 \	1.	2.	3.	4.	5.	6.	7.	8.	9.	10.	11.	12.			 \	1.	2.	3.	4.	5.	6.	7.	8.	9.	10.	11.	12.	
1.	10	3	2	2	9	10	7	7	3	4	0	9			1.	10	3	1	2	9	9	6	8	4	5	0	9	
2.	7	9	2	9	5	0	2	3	3	20	0	6			2.	6	8	2	9	5	1	2	3	3	21	0	6	
3.	0	11	5	1	6	14	4	7	4	0	3	11			3.	0	11	4	1	5	13	4	8	5	0	4	11	
4.	0	3	1	6	13	16	4	2	4	9	0	8			4.	0	2	1	6	12	16	4	1	5	10	0	9	
5.	1	0	5	4	6	7	7	3	20	1	3	9			5.	2	0	4	4	7	6	7	3	20	0	3	10	
6.	12	1	1	0	16	11	5	10	0	1	1	8			6.	12	2	2	0	16	11	6	9	0	0	1	7	
7.	0	8	23	0	16	0	0	0	4	10	3	2			7.	0	9	24	0	16	1	0	0	3	9	2	2	
8.	5	1	13	9	0	4	11	0	4	12	2	5			8.	5	1	14	9	0	5	11	0	3	12	2	4	
9.	15	0	0	13	0	0	10	6	0	10	4	8			9.	15	0	0	12	0	0	10	6	0	10	5	8	
10.	6	5	5	6	6	7	6	4	4	8	2	7			10.	6	5	5	7	7	7	6	4	3	8	1	7	
	
Osobnik nr 1
 \	5	15	15	10	
15	10	0	20	11	
25	12	7	9	20	
5	0	14	16	18	

Tablica przewozów
Optymalne rozwiązanie
 \	5	15	15	10	
15	0	0	5	10	
25	0	15	10	0	
5	5	0	0	0	
Funkcja oceny: 405
 indexu = 9
Osobnik nr 2
 \	5	15	15	10	
15	10	0	20	11	
25	12	7	9	20	
5	0	14	16	18	

Tablica przewozów
Optymalne rozwiązanie
 \	5	15	15	10	
15	0	0	5	10	
25	0	15	10	0	
5	5	0	0	0	
Funkcja oceny: 405
 indexu = 8
Osobnik nr 3
 \	5	15	15	10	
15	10	0	20	11	
25	12	7	9	20	
5	0	14	16	18	

Tablica przewozów
Optymalne rozwiązanie
 \	5	15	15	10	
15	5	10	0	0	
25	0	5	10	10	
5	0	0	5	0	
Funkcja oceny: 455
 indexu = 6
Osobnik nr 4
 \	5	15	15	10	
15	10	0	20	11	
25	12	7	9	20	
5	0	14	16	18	

Tablica przewozów
Optymalne rozwiązanie
 \	5	15	15	10	
15	0	0	15	0	
25	5	15	0	5	
5	0	0	0	5	
Funkcja oceny: 655
 indexu = 6
Osobnik nr 5
 \	5	15	15	10	
15	10	0	20	11	
25	12	7	9	20	
5	0	14	16	18	

Tablica przewozów
Optymalne rozwiązanie
 \	5	15	15	10	
15	5	10	0	0	
25	0	5	10	10	
5	0	0	5	0	
Funkcja oceny: 455
 indexu = 0

Najtańszy koszt wynosi = 405