Epoka nr 52
MUTACJA dla osobnika nr 2
 \	1.	2.	3.	4.	5.	6.	7.	8.	9.	10.	11.	12.	
1.	0	0	0	4	16	5	0	15	7	9	0	10		66+
2.	8	17	0	4	8	0	4	0	9	15	0	1		66+
3.	0	6	8	2	7	10	8	7	0	0	7	11		66+
4.	0	4	3	0	7	27	0	0	0	13	6	6		66+
5.	3	0	0	2	5	10	8	0	27	0	0	11		66+
6.	0	0	0	0	24	6	11	19	0	0	0	6		66+
7.	0	8	25	0	3	0	0	0	0	29	0	1		66+
8.	10	0	17	11	0	1	17	0	0	0	4	6		66+
9.	30	0	0	25	0	0	0	0	0	0	1	10		66+
10.	5	6	4	2	7	10	8	1	3	9	0	11		66+
														=660
	56+	41+	57+	50+	77+	69+	56+	42+	46+	75+	18+	73	=660
Wylosowano kolumny {4, 5, 9, 11}
Wylosowano wiersze {4, 7, 9}
Podmacierz W wylosowanych punktów
 \	4.	5.	9.	11.	
4.	0	7	0	6	
7.	0	3	0	0	
9.	25	0	0	1	
Zauważmy, że sourw[1] = 13, sourw[2] = 3, sourw[3] = 26, destw[1] = 25, destw[2] = 10, destw[3] = 0, destw[4] = 7
										
Po ponownej inicjalizacji macierzy W może ona przyjąć nastepującą postać
 \	4.	5.	9.	11.	
4.	0	7	0	6	
7.	0	3	0	0	
9.	25	0	0	1	

Populacja nr 2 po wykonaniu mutacji
 \	1.	2.	3.	4.	5.	6.	7.	8.	9.	10.	11.	12.	
1.	0	0	0	4	16	5	0	15	7	9	0	10	66
2.	8	17	0	4	8	0	4	0	9	15	0	1	66
3.	0	6	8	2	7	10	8	7	0	0	7	11	66
4.	0	4	3	0	7	27	0	0	0	13	6	6	66
5.	3	0	0	2	5	10	8	0	27	0	0	11	66
6.	0	0	0	0	24	6	11	19	0	0	0	6	66
7.	0	8	25	0	3	0	0	0	0	29	0	1	66
8.	10	0	17	11	0	1	17	0	0	0	4	6	66
9.	30	0	0	25	0	0	0	0	0	0	1	10	66
10.	5	6	4	2	7	10	8	1	3	9	0	11	66
													=660
56	41	57	50	77	69	56	42	46	75	18	73	=660

KRZYŻOWANIE dla osobnika 4ego z 3im
				OSOBNIK NR4 - V1 											OSOBNIK NR3 - V2
 \	1.	2.	3.	4.	5.	6.	7.	8.	9.	10.	11.	12.			 \	1.	2.	3.	4.	5.	6.	7.	8.	9.	10.	11.	12.	
1.	21	7	3	0	1	14	12	0	0	0	0	8			1.	20	6	3	0	2	14	13	0	0	0	0	8	
2.	4	0	4	15	10	2	0	6	1	13	0	11			2.	5	0	4	14	10	1	0	6	2	13	0	11	
3.	0	16	1	0	5	17	0	9	8	0	0	10			3.	0	16	1	0	4	17	0	8	9	0	0	11	
4.	0	1	2	13	18	6	0	2	8	6	0	10			4.	0	1	2	12	18	5	0	3	8	6	0	11	
5.	0	0	6	5	14	4	15	6	8	0	0	8			5.	0	0	6	6	13	3	14	6	9	1	0	8	
6.	24	3	3	0	8	16	0	0	0	2	2	8			6.	24	3	3	0	8	16	0	0	0	1	2	9	
7.	0	9	22	0	15	0	0	0	8	3	5	4			7.	0	9	22	0	16	1	0	0	7	3	5	3	
8.	0	1	11	6	0	7	5	0	7	25	0	4			8.	0	2	10	7	0	8	5	0	7	24	0	3	
9.	0	0	0	0	0	0	20	12	1	20	7	6			9.	0	0	0	0	0	0	20	12	0	20	8	6	
10.	7	4	5	11	6	3	4	7	5	6	4	4			10.	7	4	6	11	6	4	4	7	4	7	3	3	

				OSOBNIK NR4 - DIV 											OSOBNIK NR3 - REM
 \	1.	2.	3.	4.	5.	6.	7.	8.	9.	10.	11.	12.			 \	1.	2.	3.	4.	5.	6.	7.	8.	9.	10.	11.	12.	
1.	20	6	3	0	1	14	12	0	0	0	0	8			1.	1	1	0	0	1	0	1	0	0	0	0	0	4
2.	4	0	4	14	10	1	0	6	1	13	0	11			2.	1	0	0	1	0	1	0	0	1	0	0	0	4
3.	0	16	1	0	4	17	0	8	8	0	0	10			3.	0	0	0	0	1	0	0	1	1	0	0	1	4
4.	0	1	2	12	18	5	0	2	8	6	0	10			4.	0	0	0	1	0	1	0	1	0	0	0	1	4
5.	0	0	6	5	13	3	14	6	8	0	0	8			5.	0	0	0	1	1	1	1	0	1	1	0	0	6
6.	24	3	3	0	8	16	0	0	0	1	2	8			6.	0	0	0	0	0	0	0	0	0	1	0	1	2
7.	0	9	22	0	15	0	0	0	7	3	5	3			7.	0	0	0	0	1	1	0	0	1	0	0	1	4
8.	0	1	10	6	0	7	5	0	7	24	0	3			8.	0	1	1	1	0	1	0	0	0	1	0	1	6
9.	0	0	0	0	0	0	20	12	0	20	7	6			9.	0	0	0	0	0	0	0	0	1	0	1	0	2
10.	7	4	5	11	6	3	4	7	4	6	3	3			10.	0	0	1	0	0	1	0	0	1	1	1	1	6
																2	2	2	4	4	6	2	2	6	4	2	6

				OSOBNIK NR4 - REM1 											OSOBNIK NR3 - REM2
 \	1.	2.	3.	4.	5.	6.	7.	8.	9.	10.	11.	12.			 \	1.	2.	3.	4.	5.	6.	7.	8.	9.	10.	11.	12.	
1.	1	1	0	0	0	0	0	0	0	0	0	0	2		1.	0	0	0	0	1	0	1	0	0	0	0	0	2
2.	0	0	0	1	0	1	0	0	0	0	0	0	2		2.	1	0	0	0	0	0	0	0	1	0	0	0	2
3.	0	0	0	0	1	0	0	1	0	0	0	0	2		3.	0	0	0	0	0	0	0	0	1	0	0	1	2
4.	0	0	0	1	0	1	0	0	0	0	0	0	2		4.	0	0	0	0	0	0	0	1	0	0	0	1	2
5.	0	0	0	0	1	1	1	0	0	0	0	0	3		5.	0	0	0	1	0	0	0	0	1	1	0	0	3
6.	0	0	0	0	0	0	0	0	0	1	0	0	1		6.	0	0	0	0	0	0	0	0	0	0	0	1	1
7.	0	0	0	0	0	0	0	0	1	0	0	1	2		7.	0	0	0	0	1	1	0	0	0	0	0	0	2
8.	0	0	1	0	0	0	0	0	0	1	0	1	3		8.	0	1	0	1	0	1	0	0	0	0	0	0	3
9.	0	0	0	0	0	0	0	0	1	0	0	0	1		9.	0	0	0	0	0	0	0	0	0	0	1	0	1
10.	0	0	0	0	0	0	0	0	1	0	1	1	3		10.	0	0	1	0	0	1	0	0	0	1	0	0	3
	1	1	1	2	2	3	1	1	3	2	1	3			 	1	1	1	2	2	3	1	1	3	2	1	3	

				OSOBNIK NR4 - V3 											OSOBNIK NR3 - V4
 \	1.	2.	3.	4.	5.	6.	7.	8.	9.	10.	11.	12.			 \	1.	2.	3.	4.	5.	6.	7.	8.	9.	10.	11.	12.	
1.	21	7	3	0	1	14	12	0	0	0	0	8			1.	20	6	3	0	2	14	13	0	0	0	0	8	
2.	4	0	4	15	10	2	0	6	1	13	0	11			2.	5	0	4	14	10	1	0	6	2	13	0	11	
3.	0	16	1	0	5	17	0	9	8	0	0	10			3.	0	16	1	0	4	17	0	8	9	0	0	11	
4.	0	1	2	13	18	6	0	2	8	6	0	10			4.	0	1	2	12	18	5	0	3	8	6	0	11	
5.	0	0	6	5	14	4	15	6	8	0	0	8			5.	0	0	6	6	13	3	14	6	9	1	0	8	
6.	24	3	3	0	8	16	0	0	0	2	2	8			6.	24	3	3	0	8	16	0	0	0	1	2	9	
7.	0	9	22	0	15	0	0	0	8	3	5	4			7.	0	9	22	0	16	1	0	0	7	3	5	3	
8.	0	1	11	6	0	7	5	0	7	25	0	4			8.	0	2	10	7	0	8	5	0	7	24	0	3	
9.	0	0	0	0	0	0	20	12	1	20	7	6			9.	0	0	0	0	0	0	20	12	0	20	8	6	
10.	7	4	5	11	6	3	4	7	5	6	4	4			10.	7	4	6	11	6	4	4	7	4	7	3	3	
	
Osobnik nr 1
 \	5	15	15	10	
15	10	0	20	11	
25	12	7	9	20	
5	0	14	16	18	

Tablica przewozów
Optymalne rozwiązanie
 \	5	15	15	10	
15	0	0	5	10	
25	0	15	10	0	
5	5	0	0	0	
Funkcja oceny: 405
 indexu = 9
Osobnik nr 2
 \	5	15	15	10	
15	10	0	20	11	
25	12	7	9	20	
5	0	14	16	18	

Tablica przewozów
Optymalne rozwiązanie
 \	5	15	15	10	
15	0	0	5	10	
25	0	15	10	0	
5	5	0	0	0	
Funkcja oceny: 405
 indexu = 8
Osobnik nr 3
 \	5	15	15	10	
15	10	0	20	11	
25	12	7	9	20	
5	0	14	16	18	

Tablica przewozów
Optymalne rozwiązanie
 \	5	15	15	10	
15	5	10	0	0	
25	0	5	10	10	
5	0	0	5	0	
Funkcja oceny: 455
 indexu = 9
Osobnik nr 4
 \	5	15	15	10	
15	10	0	20	11	
25	12	7	9	20	
5	0	14	16	18	

Tablica przewozów
Optymalne rozwiązanie
 \	5	15	15	10	
15	0	0	15	0	
25	5	15	0	5	
5	0	0	0	5	
Funkcja oceny: 655
 indexu = 9
Osobnik nr 5
 \	5	15	15	10	
15	10	0	20	11	
25	12	7	9	20	
5	0	14	16	18	

Tablica przewozów
Optymalne rozwiązanie
 \	5	15	15	10	
15	5	10	0	0	
25	0	5	10	10	
5	0	0	5	0	
Funkcja oceny: 455
 indexu = 5

Najtańszy koszt wynosi = 405