Problem transportowy
Osobnik nr 1
 \	1.	2.	3.	4.	5.	6.	7.	8.	9.	10.	11.	12.	
1.	2	1	9	8	0	10	11	7	4	3	5	6		66+
2.	0	11	3	4	10	2	7	8	9	6	1	5		66+
3.	7	11	8	1	2	9	5	0	6	3	10	4		66+
4.	9	5	10	1	0	2	8	3	6	4	7	11		66+
5.	0	11	3	4	10	2	7	8	9	6	1	5		66+
6.	10	3	8	9	6	1	2	11	7	0	4	5		66+
7.	6	11	7	2	4	0	1	3	5	9	10	8		66+
8.	10	3	8	9	6	1	2	11	7	0	4	5		66+
9.	7	11	8	1	2	9	5	0	6	3	10	4		66+
10.	2	1	9	8	0	10	11	7	4	3	5	6		66+
														=660
	53+	68+	73+	47+	40+	46+	59+	58+	63+	37+	57+	59	=660

Tablica kosztów
 \	5	15	15	10	
15	10	0	20	11	
25	12	7	9	20	
5	0	14	16	18	

Tablica przewozów
Optymalne rozwiązanie
 \	5	15	15	10	
15	0	15	0	0	
25	0	0	15	10	
5	5	0	0	0	
Funkcja oceny: 335
 indexu = 8
Osobnik nr 2
 \	1.	2.	3.	4.	5.	6.	7.	8.	9.	10.	11.	12.	
1.	10	3	8	9	6	1	2	11	7	0	4	5		66+
2.	9	5	10	1	0	2	8	3	6	4	7	11		66+
3.	10	3	8	9	6	1	2	11	7	0	4	5		66+
4.	0	11	3	4	10	2	7	8	9	6	1	5		66+
5.	6	11	7	2	4	0	1	3	5	9	10	8		66+
6.	7	11	8	1	2	9	5	0	6	3	10	4		66+
7.	7	11	8	1	2	9	5	0	6	3	10	4		66+
8.	2	1	9	8	0	10	11	7	4	3	5	6		66+
9.	0	11	3	4	10	2	7	8	9	6	1	5		66+
10.	2	1	9	8	0	10	11	7	4	3	5	6		66+
														=660
	53+	68+	73+	47+	40+	46+	59+	58+	63+	37+	57+	59	=660

Tablica kosztów
 \	5	15	15	10	
15	10	0	20	11	
25	12	7	9	20	
5	0	14	16	18	

Tablica przewozów
Optymalne rozwiązanie
 \	5	15	15	10	
15	0	15	0	0	
25	0	0	15	10	
5	5	0	0	0	
Funkcja oceny: 335
 indexu = 5
Osobnik nr 3
 \	1.	2.	3.	4.	5.	6.	7.	8.	9.	10.	11.	12.	
1.	10	3	8	9	6	1	2	11	7	0	4	5		66+
2.	0	11	3	4	10	2	7	8	9	6	1	5		66+
3.	7	11	8	1	2	9	5	0	6	3	10	4		66+
4.	9	5	10	1	0	2	8	3	6	4	7	11		66+
5.	0	11	3	4	10	2	7	8	9	6	1	5		66+
6.	7	11	8	1	2	9	5	0	6	3	10	4		66+
7.	10	3	8	9	6	1	2	11	7	0	4	5		66+
8.	2	1	9	8	0	10	11	7	4	3	5	6		66+
9.	2	1	9	8	0	10	11	7	4	3	5	6		66+
10.	6	11	7	2	4	0	1	3	5	9	10	8		66+
														=660
	53+	68+	73+	47+	40+	46+	59+	58+	63+	37+	57+	59	=660

Tablica kosztów
 \	5	15	15	10	
15	10	0	20	11	
25	12	7	9	20	
5	0	14	16	18	

Tablica przewozów
Optymalne rozwiązanie
 \	5	15	15	10	
15	0	15	0	0	
25	0	0	15	10	
5	5	0	0	0	
Funkcja oceny: 335
 indexu = 2
Osobnik nr 4
 \	1.	2.	3.	4.	5.	6.	7.	8.	9.	10.	11.	12.	
1.	0	11	3	4	10	2	7	8	9	6	1	5		66+
2.	2	1	9	8	0	10	11	7	4	3	5	6		66+
3.	6	11	7	2	4	0	1	3	5	9	10	8		66+
4.	0	11	3	4	10	2	7	8	9	6	1	5		66+
5.	10	3	8	9	6	1	2	11	7	0	4	5		66+
6.	2	1	9	8	0	10	11	7	4	3	5	6		66+
7.	10	3	8	9	6	1	2	11	7	0	4	5		66+
8.	9	5	10	1	0	2	8	3	6	4	7	11		66+
9.	7	11	8	1	2	9	5	0	6	3	10	4		66+
10.	7	11	8	1	2	9	5	0	6	3	10	4		66+
														=660
	53+	68+	73+	47+	40+	46+	59+	58+	63+	37+	57+	59	=660

Tablica kosztów
 \	5	15	15	10	
15	10	0	20	11	
25	12	7	9	20	
5	0	14	16	18	

Tablica przewozów
Optymalne rozwiązanie
 \	5	15	15	10	
15	0	15	0	0	
25	0	0	15	10	
5	5	0	0	0	
Funkcja oceny: 335
 indexu = 9
Osobnik nr 5
 \	1.	2.	3.	4.	5.	6.	7.	8.	9.	10.	11.	12.	
1.	10	3	8	9	6	1	2	11	7	0	4	5		66+
2.	0	11	3	4	10	2	7	8	9	6	1	5		66+
3.	10	3	8	9	6	1	2	11	7	0	4	5		66+
4.	9	5	10	1	0	2	8	3	6	4	7	11		66+
5.	6	11	7	2	4	0	1	3	5	9	10	8		66+
6.	2	1	9	8	0	10	11	7	4	3	5	6		66+
7.	2	1	9	8	0	10	11	7	4	3	5	6		66+
8.	7	11	8	1	2	9	5	0	6	3	10	4		66+
9.	0	11	3	4	10	2	7	8	9	6	1	5		66+
10.	7	11	8	1	2	9	5	0	6	3	10	4		66+
														=660
	53+	68+	73+	47+	40+	46+	59+	58+	63+	37+	57+	59	=660

Tablica kosztów
 \	5	15	15	10	
15	10	0	20	11	
25	12	7	9	20	
5	0	14	16	18	

Tablica przewozów
Optymalne rozwiązanie
 \	5	15	15	10	
15	0	15	0	0	
25	0	0	15	10	
5	5	0	0	0	
Funkcja oceny: 335
 indexu = 9
Algorytm genetyczny: 

