Epoka nr 28
MUTACJA dla osobnika nr 1
 \	1.	2.	3.	4.	5.	6.	7.	8.	9.	10.	11.	12.	
1.	0	0	13	0	0	0	27	0	17	3	0	6		66+
2.	0	0	0	7	10	2	7	20	9	6	0	5		66+
3.	7	0	0	3	2	4	0	17	0	3	26	4		66+
4.	0	0	21	0	0	3	6	0	15	6	4	11		66+
5.	15	12	8	6	0	16	0	0	0	4	0	5		66+
6.	11	4	0	11	20	1	0	14	0	0	0	5		66+
7.	0	19	0	2	0	0	1	0	5	9	22	8		66+
8.	11	9	12	9	6	1	0	0	13	0	0	5		66+
9.	7	23	10	1	2	9	7	0	0	3	0	4		66+
10.	2	1	9	8	0	10	11	7	4	3	5	6		66+
														=660
	53+	68+	73+	47+	40+	46+	59+	58+	63+	37+	57+	59	=660
Wylosowano kolumny {4, 6, 8, 9}
Wylosowano wiersze {1, 7, 9}
Podmacierz W wylosowanych punktów
 \	4.	6.	8.	9.	
1.	0	0	0	17	
7.	2	0	0	5	
9.	1	9	0	0	
Zauważmy, że sourw[1] = 17, sourw[2] = 7, sourw[3] = 10, destw[1] = 3, destw[2] = 9, destw[3] = 0, destw[4] = 22
										
Po ponownej inicjalizacji macierzy W może ona przyjąć nastepującą postać
 \	4.	6.	8.	9.	
1.	0	9	0	8	
7.	0	0	0	7	
9.	3	0	0	7	

Populacja nr 1 po wykonaniu mutacji
 \	1.	2.	3.	4.	5.	6.	7.	8.	9.	10.	11.	12.	
1.	0	0	13	0	0	9	27	0	8	3	0	6	66
2.	0	0	0	7	10	2	7	20	9	6	0	5	66
3.	7	0	0	3	2	4	0	17	0	3	26	4	66
4.	0	0	21	0	0	3	6	0	15	6	4	11	66
5.	15	12	8	6	0	16	0	0	0	4	0	5	66
6.	11	4	0	11	20	1	0	14	0	0	0	5	66
7.	0	19	0	0	0	0	1	0	7	9	22	8	66
8.	11	9	12	9	6	1	0	0	13	0	0	5	66
9.	7	23	10	3	2	0	7	0	7	3	0	4	66
10.	2	1	9	8	0	10	11	7	4	3	5	6	66
													=660
53	68	73	47	40	46	59	58	63	37	57	59	=660

KRZYŻOWANIE dla osobnika 5ego z 4im
				OSOBNIK NR5 - V1 											OSOBNIK NR4 - V2
 \	1.	2.	3.	4.	5.	6.	7.	8.	9.	10.	11.	12.			 \	1.	2.	3.	4.	5.	6.	7.	8.	9.	10.	11.	12.	
1.	0	5	9	13	10	11	13	0	0	0	0	5			1.	0	0	0	12	25	22	0	2	0	0	0	5	
2.	0	0	23	8	0	0	16	8	6	0	0	5			2.	0	0	9	0	0	0	16	20	0	0	15	6	
3.	0	22	12	0	0	0	19	8	0	0	0	5			3.	0	19	0	2	4	0	0	24	0	9	0	8	
4.	0	0	0	3	1	0	0	17	0	0	34	11			4.	0	24	0	22	2	0	0	0	0	13	0	5	
5.	0	0	0	15	0	0	6	25	0	0	12	8			5.	0	14	10	0	0	0	10	12	15	0	0	5	
6.	0	0	20	0	3	26	0	0	0	11	0	6			6.	0	0	0	0	7	10	19	0	0	0	24	6	
7.	2	12	0	7	13	0	0	0	26	0	0	6			7.	0	0	4	6	0	5	9	0	17	12	8	5	
8.	26	0	0	0	0	0	0	0	19	16	1	4			8.	9	0	21	0	0	0	0	0	25	0	0	11	
9.	18	18	1	0	11	0	0	0	6	7	0	5			9.	37	0	21	4	0	0	0	0	0	0	0	4	
10.	7	11	8	1	2	9	5	0	6	3	10	4			10.	7	11	8	1	2	9	5	0	6	3	10	4	

				OSOBNIK NR5 - DIV 											OSOBNIK NR4 - REM
 \	1.	2.	3.	4.	5.	6.	7.	8.	9.	10.	11.	12.			 \	1.	2.	3.	4.	5.	6.	7.	8.	9.	10.	11.	12.	
1.	0	2	4	12	17	16	6	1	0	0	0	5			1.	0	1	1	1	1	1	1	0	0	0	0	0	6
2.	0	0	16	4	0	0	16	14	3	0	7	5			2.	0	0	0	0	0	0	0	0	0	0	1	1	2
3.	0	20	6	1	2	0	9	16	0	4	0	6			3.	0	1	0	0	0	0	1	0	0	1	0	1	4
4.	0	12	0	12	1	0	0	8	0	6	17	8			4.	0	0	0	1	1	0	0	1	0	1	0	0	4
5.	0	7	5	7	0	0	8	18	7	0	6	6			5.	0	0	0	1	0	0	0	1	1	0	0	1	4
6.	0	0	10	0	5	18	9	0	0	5	12	6			6.	0	0	0	0	0	0	1	0	0	1	0	0	2
7.	1	6	2	6	6	2	4	0	21	6	4	5			7.	0	0	0	1	1	1	1	0	1	0	0	1	6
8.	17	0	10	0	0	0	0	0	22	8	0	7			8.	1	0	1	0	0	0	0	0	0	0	1	1	4
9.	27	9	11	2	5	0	0	0	3	3	0	4			9.	1	0	0	0	1	0	0	0	0	1	0	1	4
10.	7	11	8	1	2	9	5	0	6	3	10	4			10.	0	0	0	0	0	0	0	0	0	0	0	0	0
																2	2	2	4	4	2	4	2	2	4	2	6

				OSOBNIK NR5 - REM1 											OSOBNIK NR4 - REM2
 \	1.	2.	3.	4.	5.	6.	7.	8.	9.	10.	11.	12.			 \	1.	2.	3.	4.	5.	6.	7.	8.	9.	10.	11.	12.	
1.	0	1	1	1	0	0	0	0	0	0	0	0	3		1.	0	0	0	0	1	1	1	0	0	0	0	0	3
2.	0	0	0	0	0	0	0	0	0	0	1	0	1		2.	0	0	0	0	0	0	0	0	0	0	0	1	1
3.	0	0	0	0	0	0	1	0	0	1	0	0	2		3.	0	1	0	0	0	0	0	0	0	0	0	1	2
4.	0	0	0	1	1	0	0	0	0	0	0	0	2		4.	0	0	0	0	0	0	0	1	0	1	0	0	2
5.	0	0	0	0	0	0	0	1	1	0	0	0	2		5.	0	0	0	1	0	0	0	0	0	0	0	1	2
6.	0	0	0	0	0	0	1	0	0	0	0	0	1		6.	0	0	0	0	0	0	0	0	0	1	0	0	1
7.	0	0	0	0	1	1	0	0	0	0	0	1	3		7.	0	0	0	1	0	0	1	0	1	0	0	0	3
8.	1	0	0	0	0	0	0	0	0	0	0	1	2		8.	0	0	1	0	0	0	0	0	0	0	1	0	2
9.	0	0	0	0	0	0	0	0	0	1	0	1	2		9.	1	0	0	0	1	0	0	0	0	0	0	0	2
10.	0	0	0	0	0	0	0	0	0	0	0	0	0		10.	0	0	0	0	0	0	0	0	0	0	0	0	0
	1	1	1	2	2	1	2	1	1	2	1	3			 	1	1	1	2	2	1	2	1	1	2	1	3	

				OSOBNIK NR5 - V3 											OSOBNIK NR4 - V4
 \	1.	2.	3.	4.	5.	6.	7.	8.	9.	10.	11.	12.			 \	1.	2.	3.	4.	5.	6.	7.	8.	9.	10.	11.	12.	
1.	0	3	5	13	17	16	6	1	0	0	0	5			1.	0	2	4	12	18	17	7	1	0	0	0	5	
2.	0	0	16	4	0	0	16	14	3	0	8	5			2.	0	0	16	4	0	0	16	14	3	0	7	6	
3.	0	20	6	1	2	0	10	16	0	5	0	6			3.	0	21	6	1	2	0	9	16	0	4	0	7	
4.	0	12	0	13	2	0	0	8	0	6	17	8			4.	0	12	0	12	1	0	0	9	0	7	17	8	
5.	0	7	5	7	0	0	8	19	8	0	6	6			5.	0	7	5	8	0	0	8	18	7	0	6	7	
6.	0	0	10	0	5	18	10	0	0	5	12	6			6.	0	0	10	0	5	18	9	0	0	6	12	6	
7.	1	6	2	6	7	3	4	0	21	6	4	6			7.	1	6	2	7	6	2	5	0	22	6	4	5	
8.	18	0	10	0	0	0	0	0	22	8	0	8			8.	17	0	11	0	0	0	0	0	22	8	1	7	
9.	27	9	11	2	5	0	0	0	3	4	0	5			9.	28	9	11	2	6	0	0	0	3	3	0	4	
10.	7	11	8	1	2	9	5	0	6	3	10	4			10.	7	11	8	1	2	9	5	0	6	3	10	4	
	
Osobnik nr 1
 \	5	15	15	10	
15	10	0	20	11	
25	12	7	9	20	
5	0	14	16	18	

Tablica przewozów
Optymalne rozwiązanie
 \	5	15	15	10	
15	0	0	15	0	
25	5	10	0	10	
5	0	5	0	0	
Funkcja oceny: 700
 indexu = 0
Osobnik nr 2
 \	5	15	15	10	
15	10	0	20	11	
25	12	7	9	20	
5	0	14	16	18	

Tablica przewozów
Optymalne rozwiązanie
 \	5	15	15	10	
15	0	0	15	0	
25	5	10	0	10	
5	0	5	0	0	
Funkcja oceny: 700
 indexu = 7
Osobnik nr 3
 \	5	15	15	10	
15	10	0	20	11	
25	12	7	9	20	
5	0	14	16	18	

Tablica przewozów
Optymalne rozwiązanie
 \	5	15	15	10	
15	0	15	0	0	
25	5	0	15	5	
5	0	0	0	5	
Funkcja oceny: 385
 indexu = 9
Osobnik nr 4
 \	5	15	15	10	
15	10	0	20	11	
25	12	7	9	20	
5	0	14	16	18	

Tablica przewozów
Optymalne rozwiązanie
 \	5	15	15	10	
15	0	15	0	0	
25	0	0	15	10	
5	5	0	0	0	
Funkcja oceny: 335
 indexu = 8
Osobnik nr 5
 \	5	15	15	10	
15	10	0	20	11	
25	12	7	9	20	
5	0	14	16	18	

Tablica przewozów
Optymalne rozwiązanie
 \	5	15	15	10	
15	0	15	0	0	
25	0	0	15	10	
5	5	0	0	0	
Funkcja oceny: 335
 indexu = 9
