Epoka nr 31
MUTACJA dla osobnika nr 5
 \	1.	2.	3.	4.	5.	6.	7.	8.	9.	10.	11.	12.	
1.	0	3	5	13	17	19	3	1	0	0	0	5		66+
2.	0	0	16	4	0	0	16	14	3	0	8	5		66+
3.	0	20	6	1	2	0	10	16	0	5	0	6		66+
4.	0	12	0	13	2	0	0	8	0	6	17	8		66+
5.	0	7	5	7	0	0	8	19	8	0	6	6		66+
6.	0	0	10	0	5	18	10	0	0	5	12	6		66+
7.	0	6	2	6	7	0	5	0	24	6	4	6		66+
8.	18	0	10	0	0	0	0	0	22	8	0	8		66+
9.	28	9	11	2	5	0	2	0	0	4	0	5		66+
10.	7	11	8	1	2	9	5	0	6	3	10	4		66+
														=660
	53+	68+	73+	47+	40+	46+	59+	58+	63+	37+	57+	59	=660
Wylosowano kolumny {1, 5, 6, 9}
Wylosowano wiersze {5, 8, 9}
Podmacierz W wylosowanych punktów
 \	1.	5.	6.	9.	
5.	0	0	0	8	
8.	18	0	0	22	
9.	28	5	0	0	
Zauważmy, że sourw[1] = 8, sourw[2] = 40, sourw[3] = 33, destw[1] = 46, destw[2] = 5, destw[3] = 0, destw[4] = 30
										
Po ponownej inicjalizacji macierzy W może ona przyjąć nastepującą postać
 \	1.	5.	6.	9.	
5.	3	5	0	0	
8.	10	0	0	30	
9.	33	0	0	0	

Populacja nr 5 po wykonaniu mutacji
 \	1.	2.	3.	4.	5.	6.	7.	8.	9.	10.	11.	12.	
1.	0	3	5	13	17	19	3	1	0	0	0	5	66
2.	0	0	16	4	0	0	16	14	3	0	8	5	66
3.	0	20	6	1	2	0	10	16	0	5	0	6	66
4.	0	12	0	13	2	0	0	8	0	6	17	8	66
5.	3	7	5	7	5	0	8	19	0	0	6	6	66
6.	0	0	10	0	5	18	10	0	0	5	12	6	66
7.	0	6	2	6	7	0	5	0	24	6	4	6	66
8.	10	0	10	0	0	0	0	0	30	8	0	8	66
9.	33	9	11	2	0	0	2	0	0	4	0	5	66
10.	7	11	8	1	2	9	5	0	6	3	10	4	66
													=660
53	68	73	47	40	46	59	58	63	37	57	59	=660

KRZYŻOWANIE dla osobnika 5ego z 3im
				OSOBNIK NR5 - V1 											OSOBNIK NR3 - V2
 \	1.	2.	3.	4.	5.	6.	7.	8.	9.	10.	11.	12.			 \	1.	2.	3.	4.	5.	6.	7.	8.	9.	10.	11.	12.	
1.	0	3	5	13	17	19	3	1	0	0	0	5			1.	14	4	10	5	3	1	2	14	3	0	5	5	
2.	0	0	16	4	0	0	16	14	3	0	8	5			2.	6	15	9	0	0	1	7	0	0	17	3	8	
3.	0	20	6	1	2	0	10	16	0	5	0	6			3.	1	12	8	11	3	11	0	5	4	0	7	4	
4.	0	12	0	13	2	0	0	8	0	6	17	8			4.	1	6	13	3	13	3	7	0	7	2	3	8	
5.	3	7	5	7	5	0	8	19	0	0	6	6			5.	0	5	3	0	0	9	4	19	10	0	10	6	
6.	0	0	10	0	5	18	10	0	0	5	12	6			6.	7	8	0	0	7	10	9	0	13	3	5	4	
7.	0	6	2	6	7	0	5	0	24	6	4	6			7.	10	3	15	16	2	6	1	0	2	2	4	5	
8.	10	0	10	0	0	0	0	0	30	8	0	8			8.	10	1	4	4	0	0	19	0	13	0	9	6	
9.	33	9	11	2	0	0	2	0	0	4	0	5			9.	0	8	3	3	10	0	4	15	7	7	3	6	
10.	7	11	8	1	2	9	5	0	6	3	10	4			10.	4	6	8	5	2	5	6	5	4	6	8	7	

				OSOBNIK NR5 - DIV 											OSOBNIK NR3 - REM
 \	1.	2.	3.	4.	5.	6.	7.	8.	9.	10.	11.	12.			 \	1.	2.	3.	4.	5.	6.	7.	8.	9.	10.	11.	12.	
1.	7	3	7	9	10	10	2	7	1	0	2	5			1.	0	1	1	0	0	0	1	1	1	0	1	0	6
2.	3	7	12	2	0	0	11	7	1	8	5	6			2.	0	1	1	0	0	1	1	0	1	1	1	1	8
3.	0	16	7	6	2	5	5	10	2	2	3	5			3.	1	0	0	0	1	1	0	1	0	1	1	0	6
4.	0	9	6	8	7	1	3	4	3	4	10	8			4.	1	0	1	0	1	1	1	0	1	0	0	0	6
5.	1	6	4	3	2	4	6	19	5	0	8	6			5.	1	0	0	1	1	1	0	0	0	0	0	0	4
6.	3	4	5	0	6	14	9	0	6	4	8	5			6.	1	0	0	0	0	0	1	0	1	0	1	0	4
7.	5	4	8	11	4	3	3	0	13	4	4	5			7.	0	1	1	0	1	0	0	0	0	0	0	1	4
8.	10	0	7	2	0	0	9	0	21	4	4	7			8.	0	1	0	0	0	0	1	0	1	0	1	0	4
9.	16	8	7	2	5	0	3	7	3	5	1	5			9.	1	1	0	1	0	0	0	1	1	1	1	1	8
10.	5	8	8	3	2	7	5	2	5	4	9	5			10.	1	1	0	0	0	0	1	1	0	1	0	1	6
																6	6	4	2	4	4	6	4	6	4	6	4

				OSOBNIK NR5 - REM1 											OSOBNIK NR3 - REM2
 \	1.	2.	3.	4.	5.	6.	7.	8.	9.	10.	11.	12.			 \	1.	2.	3.	4.	5.	6.	7.	8.	9.	10.	11.	12.	
1.	0	1	1	0	0	0	1	0	0	0	0	0	3		1.	0	0	0	0	0	0	0	1	1	0	1	0	3
2.	0	1	1	0	0	1	1	0	0	0	0	0	4		2.	0	0	0	0	0	0	0	0	1	1	1	1	4
3.	1	0	0	0	1	1	0	0	0	0	0	0	3		3.	0	0	0	0	0	0	0	1	0	1	1	0	3
4.	1	0	0	0	1	0	1	0	0	0	0	0	3		4.	0	0	1	0	0	1	0	0	1	0	0	0	3
5.	1	0	0	1	0	0	0	0	0	0	0	0	2		5.	0	0	0	0	1	1	0	0	0	0	0	0	2
6.	0	0	0	0	0	0	0	0	1	0	1	0	2		6.	1	0	0	0	0	0	1	0	0	0	0	0	2
7.	0	1	0	0	0	0	0	0	0	0	0	1	2		7.	0	0	1	0	1	0	0	0	0	0	0	0	2
8.	0	0	0	0	0	0	0	0	1	0	1	0	2		8.	0	1	0	0	0	0	1	0	0	0	0	0	2
9.	0	0	0	0	0	0	0	1	1	1	1	0	4		9.	1	1	0	1	0	0	0	0	0	0	0	1	4
10.	0	0	0	0	0	0	0	1	0	1	0	1	3		10.	1	1	0	0	0	0	1	0	0	0	0	0	3
	3	3	2	1	2	2	3	2	3	2	3	2			 	3	3	2	1	2	2	3	2	3	2	3	2	

				OSOBNIK NR5 - V3 											OSOBNIK NR3 - V4
 \	1.	2.	3.	4.	5.	6.	7.	8.	9.	10.	11.	12.			 \	1.	2.	3.	4.	5.	6.	7.	8.	9.	10.	11.	12.	
1.	7	4	8	9	10	10	3	7	1	0	2	5			1.	7	3	7	9	10	10	2	8	2	0	3	5	
2.	3	8	13	2	0	1	12	7	1	8	5	6			2.	3	7	12	2	0	0	11	7	2	9	6	7	
3.	1	16	7	6	3	6	5	10	2	2	3	5			3.	0	16	7	6	2	5	5	11	2	3	4	5	
4.	1	9	6	8	8	1	4	4	3	4	10	8			4.	0	9	7	8	7	2	3	4	4	4	10	8	
5.	2	6	4	4	2	4	6	19	5	0	8	6			5.	1	6	4	3	3	5	6	19	5	0	8	6	
6.	3	4	5	0	6	14	9	0	7	4	9	5			6.	4	4	5	0	6	14	10	0	6	4	8	5	
7.	5	5	8	11	4	3	3	0	13	4	4	6			7.	5	4	9	11	5	3	3	0	13	4	4	5	
8.	10	0	7	2	0	0	9	0	22	4	5	7			8.	10	1	7	2	0	0	10	0	21	4	4	7	
9.	16	8	7	2	5	0	3	8	4	6	2	5			9.	17	9	7	3	5	0	3	7	3	5	1	6	
10.	5	8	8	3	2	7	5	3	5	5	9	6			10.	6	9	8	3	2	7	6	2	5	4	9	5	
	
Osobnik nr 1
 \	5	15	15	10	
15	10	0	20	11	
25	12	7	9	20	
5	0	14	16	18	

Tablica przewozów
Optymalne rozwiązanie
 \	5	15	15	10	
15	0	0	15	0	
25	5	10	0	10	
5	0	5	0	0	
Funkcja oceny: 700
 indexu = 0
Osobnik nr 2
 \	5	15	15	10	
15	10	0	20	11	
25	12	7	9	20	
5	0	14	16	18	

Tablica przewozów
Optymalne rozwiązanie
 \	5	15	15	10	
15	0	0	15	0	
25	5	10	0	10	
5	0	5	0	0	
Funkcja oceny: 700
 indexu = 7
Osobnik nr 3
 \	5	15	15	10	
15	10	0	20	11	
25	12	7	9	20	
5	0	14	16	18	

Tablica przewozów
Optymalne rozwiązanie
 \	5	15	15	10	
15	0	15	0	0	
25	5	0	15	5	
5	0	0	0	5	
Funkcja oceny: 385
 indexu = 9
Osobnik nr 4
 \	5	15	15	10	
15	10	0	20	11	
25	12	7	9	20	
5	0	14	16	18	

Tablica przewozów
Optymalne rozwiązanie
 \	5	15	15	10	
15	0	15	0	0	
25	0	0	15	10	
5	5	0	0	0	
Funkcja oceny: 335
 indexu = 8
Osobnik nr 5
 \	5	15	15	10	
15	10	0	20	11	
25	12	7	9	20	
5	0	14	16	18	

Tablica przewozów
Optymalne rozwiązanie
 \	5	15	15	10	
15	0	15	0	0	
25	0	0	15	10	
5	5	0	0	0	
Funkcja oceny: 335
 indexu = 7
