Epoka nr 32


KRZYŻOWANIE dla osobnika 5ego z 3im
				OSOBNIK NR5 - V1 											OSOBNIK NR3 - V2
 \	1.	2.	3.	4.	5.	6.	7.	8.	9.	10.	11.	12.			 \	1.	2.	3.	4.	5.	6.	7.	8.	9.	10.	11.	12.	
1.	7	4	8	9	10	10	3	7	1	0	2	5			1.	7	3	7	9	10	10	2	8	2	0	3	5	
2.	3	8	13	2	0	1	12	7	1	8	5	6			2.	3	7	12	2	0	0	11	7	2	9	6	7	
3.	1	16	7	6	3	6	5	10	2	2	3	5			3.	0	16	7	6	2	5	5	11	2	3	4	5	
4.	1	9	6	8	8	1	4	4	3	4	10	8			4.	0	9	7	8	7	2	3	4	4	4	10	8	
5.	2	6	4	4	2	4	6	19	5	0	8	6			5.	1	6	4	3	3	5	6	19	5	0	8	6	
6.	3	4	5	0	6	14	9	0	7	4	9	5			6.	4	4	5	0	6	14	10	0	6	4	8	5	
7.	5	5	8	11	4	3	3	0	13	4	4	6			7.	5	4	9	11	5	3	3	0	13	4	4	5	
8.	10	0	7	2	0	0	9	0	22	4	5	7			8.	10	1	7	2	0	0	10	0	21	4	4	7	
9.	16	8	7	2	5	0	3	8	4	6	2	5			9.	17	9	7	3	5	0	3	7	3	5	1	6	
10.	5	8	8	3	2	7	5	3	5	5	9	6			10.	6	9	8	3	2	7	6	2	5	4	9	5	

				OSOBNIK NR5 - DIV 											OSOBNIK NR3 - REM
 \	1.	2.	3.	4.	5.	6.	7.	8.	9.	10.	11.	12.			 \	1.	2.	3.	4.	5.	6.	7.	8.	9.	10.	11.	12.	
1.	7	3	7	9	10	10	2	7	1	0	2	5			1.	0	1	1	0	0	0	1	1	1	0	1	0	6
2.	3	7	12	2	0	0	11	7	1	8	5	6			2.	0	1	1	0	0	1	1	0	1	1	1	1	8
3.	0	16	7	6	2	5	5	10	2	2	3	5			3.	1	0	0	0	1	1	0	1	0	1	1	0	6
4.	0	9	6	8	7	1	3	4	3	4	10	8			4.	1	0	1	0	1	1	1	0	1	0	0	0	6
5.	1	6	4	3	2	4	6	19	5	0	8	6			5.	1	0	0	1	1	1	0	0	0	0	0	0	4
6.	3	4	5	0	6	14	9	0	6	4	8	5			6.	1	0	0	0	0	0	1	0	1	0	1	0	4
7.	5	4	8	11	4	3	3	0	13	4	4	5			7.	0	1	1	0	1	0	0	0	0	0	0	1	4
8.	10	0	7	2	0	0	9	0	21	4	4	7			8.	0	1	0	0	0	0	1	0	1	0	1	0	4
9.	16	8	7	2	5	0	3	7	3	5	1	5			9.	1	1	0	1	0	0	0	1	1	1	1	1	8
10.	5	8	8	3	2	7	5	2	5	4	9	5			10.	1	1	0	0	0	0	1	1	0	1	0	1	6
																6	6	4	2	4	4	6	4	6	4	6	4

				OSOBNIK NR5 - REM1 											OSOBNIK NR3 - REM2
 \	1.	2.	3.	4.	5.	6.	7.	8.	9.	10.	11.	12.			 \	1.	2.	3.	4.	5.	6.	7.	8.	9.	10.	11.	12.	
1.	0	1	1	0	0	0	1	0	0	0	0	0	3		1.	0	0	0	0	0	0	0	1	1	0	1	0	3
2.	0	1	1	0	0	1	1	0	0	0	0	0	4		2.	0	0	0	0	0	0	0	0	1	1	1	1	4
3.	1	0	0	0	1	1	0	0	0	0	0	0	3		3.	0	0	0	0	0	0	0	1	0	1	1	0	3
4.	1	0	0	0	1	0	1	0	0	0	0	0	3		4.	0	0	1	0	0	1	0	0	1	0	0	0	3
5.	1	0	0	1	0	0	0	0	0	0	0	0	2		5.	0	0	0	0	1	1	0	0	0	0	0	0	2
6.	0	0	0	0	0	0	0	0	1	0	1	0	2		6.	1	0	0	0	0	0	1	0	0	0	0	0	2
7.	0	1	0	0	0	0	0	0	0	0	0	1	2		7.	0	0	1	0	1	0	0	0	0	0	0	0	2
8.	0	0	0	0	0	0	0	0	1	0	1	0	2		8.	0	1	0	0	0	0	1	0	0	0	0	0	2
9.	0	0	0	0	0	0	0	1	1	1	1	0	4		9.	1	1	0	1	0	0	0	0	0	0	0	1	4
10.	0	0	0	0	0	0	0	1	0	1	0	1	3		10.	1	1	0	0	0	0	1	0	0	0	0	0	3
	3	3	2	1	2	2	3	2	3	2	3	2			 	3	3	2	1	2	2	3	2	3	2	3	2	

				OSOBNIK NR5 - V3 											OSOBNIK NR3 - V4
 \	1.	2.	3.	4.	5.	6.	7.	8.	9.	10.	11.	12.			 \	1.	2.	3.	4.	5.	6.	7.	8.	9.	10.	11.	12.	
1.	7	4	8	9	10	10	3	7	1	0	2	5			1.	7	3	7	9	10	10	2	8	2	0	3	5	
2.	3	8	13	2	0	1	12	7	1	8	5	6			2.	3	7	12	2	0	0	11	7	2	9	6	7	
3.	1	16	7	6	3	6	5	10	2	2	3	5			3.	0	16	7	6	2	5	5	11	2	3	4	5	
4.	1	9	6	8	8	1	4	4	3	4	10	8			4.	0	9	7	8	7	2	3	4	4	4	10	8	
5.	2	6	4	4	2	4	6	19	5	0	8	6			5.	1	6	4	3	3	5	6	19	5	0	8	6	
6.	3	4	5	0	6	14	9	0	7	4	9	5			6.	4	4	5	0	6	14	10	0	6	4	8	5	
7.	5	5	8	11	4	3	3	0	13	4	4	6			7.	5	4	9	11	5	3	3	0	13	4	4	5	
8.	10	0	7	2	0	0	9	0	22	4	5	7			8.	10	1	7	2	0	0	10	0	21	4	4	7	
9.	16	8	7	2	5	0	3	8	4	6	2	5			9.	17	9	7	3	5	0	3	7	3	5	1	6	
10.	5	8	8	3	2	7	5	3	5	5	9	6			10.	6	9	8	3	2	7	6	2	5	4	9	5	
	
Osobnik nr 1
 \	5	15	15	10	
15	10	0	20	11	
25	12	7	9	20	
5	0	14	16	18	

Tablica przewozów
Optymalne rozwiązanie
 \	5	15	15	10	
15	0	0	15	0	
25	5	10	0	10	
5	0	5	0	0	
Funkcja oceny: 700
 indexu = 0
Osobnik nr 2
 \	5	15	15	10	
15	10	0	20	11	
25	12	7	9	20	
5	0	14	16	18	

Tablica przewozów
Optymalne rozwiązanie
 \	5	15	15	10	
15	0	0	15	0	
25	5	10	0	10	
5	0	5	0	0	
Funkcja oceny: 700
 indexu = 7
Osobnik nr 3
 \	5	15	15	10	
15	10	0	20	11	
25	12	7	9	20	
5	0	14	16	18	

Tablica przewozów
Optymalne rozwiązanie
 \	5	15	15	10	
15	0	15	0	0	
25	5	0	15	5	
5	0	0	0	5	
Funkcja oceny: 385
 indexu = 9
Osobnik nr 4
 \	5	15	15	10	
15	10	0	20	11	
25	12	7	9	20	
5	0	14	16	18	

Tablica przewozów
Optymalne rozwiązanie
 \	5	15	15	10	
15	0	15	0	0	
25	0	0	15	10	
5	5	0	0	0	
Funkcja oceny: 335
 indexu = 8
Osobnik nr 5
 \	5	15	15	10	
15	10	0	20	11	
25	12	7	9	20	
5	0	14	16	18	

Tablica przewozów
Optymalne rozwiązanie
 \	5	15	15	10	
15	0	15	0	0	
25	0	0	15	10	
5	5	0	0	0	
Funkcja oceny: 335
 indexu = 7
