Epoka nr 10


KRZYŻOWANIE dla osobnika 3ego z 2im
				OSOBNIK NR3 - V1 											OSOBNIK NR2 - V2
 \	1.	2.	3.	4.	5.	6.	7.	8.	9.	10.	11.	12.			 \	1.	2.	3.	4.	5.	6.	7.	8.	9.	10.	11.	12.	
1.	18	4	20	1	5	0	2	4	0	0	7	5			1.	10	3	0	9	0	1	2	25	7	0	4	5	
2.	12	24	3	0	0	0	7	0	9	6	0	5			2.	0	5	14	0	0	2	8	0	9	10	7	11	
3.	1	11	8	11	0	20	0	0	1	0	10	4			3.	0	13	8	11	6	1	0	11	7	0	4	5	
4.	2	1	22	1	0	4	8	0	6	4	7	11			4.	0	11	4	4	25	2	7	0	8	0	0	5	
5.	0	0	6	0	0	0	7	30	12	6	0	5			5.	0	11	0	0	0	18	1	0	0	9	19	8	
6.	8	16	0	0	15	9	5	0	6	3	0	4			6.	6	0	0	0	0	12	12	0	19	3	10	4	
7.	6	0	0	32	3	13	2	0	4	0	1	5			7.	14	6	30	0	2	0	0	0	0	3	7	4	
8.	0	0	0	0	0	0	27	0	16	0	17	6			8.	21	2	8	8	0	0	11	7	0	3	0	6	
9.	0	1	7	0	13	0	0	21	4	9	5	6			9.	0	16	0	7	7	0	7	8	9	6	1	5	
10.	6	11	7	2	4	0	1	3	5	9	10	8			10.	2	1	9	8	0	10	11	7	4	3	5	6	

				OSOBNIK NR3 - DIV 											OSOBNIK NR2 - REM
 \	1.	2.	3.	4.	5.	6.	7.	8.	9.	10.	11.	12.			 \	1.	2.	3.	4.	5.	6.	7.	8.	9.	10.	11.	12.	
1.	14	3	10	5	2	0	2	14	3	0	5	5			1.	0	1	0	0	1	1	0	1	1	0	1	0	6
2.	6	14	8	0	0	1	7	0	9	8	3	8			2.	0	1	1	0	0	0	1	0	0	0	1	0	4
3.	0	12	8	11	3	10	0	5	4	0	7	4			3.	1	0	0	0	0	1	0	1	0	0	0	1	4
4.	1	6	13	2	12	3	7	0	7	2	3	8			4.	0	0	0	1	1	0	1	0	0	0	1	0	4
5.	0	5	3	0	0	9	4	15	6	7	9	6			5.	0	1	0	0	0	0	0	0	0	1	1	1	4
6.	7	8	0	0	7	10	8	0	12	3	5	4			6.	0	0	0	0	1	1	1	0	1	0	0	0	4
7.	10	3	15	16	2	6	1	0	2	1	4	4			7.	0	0	0	0	1	1	0	0	0	1	0	1	4
8.	10	1	4	4	0	0	19	3	8	1	8	6			8.	1	0	0	0	0	0	0	1	0	1	1	0	4
9.	0	8	3	3	10	0	3	14	6	7	3	5			9.	0	1	1	1	0	0	1	1	1	1	0	1	8
10.	4	6	8	5	2	5	6	5	4	6	7	7			10.	0	0	0	0	0	0	0	0	1	0	1	0	2
																2	4	2	2	4	4	4	4	4	4	6	4

				OSOBNIK NR3 - REM1 											OSOBNIK NR2 - REM2
 \	1.	2.	3.	4.	5.	6.	7.	8.	9.	10.	11.	12.			 \	1.	2.	3.	4.	5.	6.	7.	8.	9.	10.	11.	12.	
1.	0	1	0	0	1	1	0	0	0	0	0	0	3		1.	0	0	0	0	0	0	0	1	1	0	1	0	3
2.	0	1	1	0	0	0	0	0	0	0	0	0	2		2.	0	0	0	0	0	0	1	0	0	0	1	0	2
3.	1	0	0	0	0	1	0	0	0	0	0	0	2		3.	0	0	0	0	0	0	0	1	0	0	0	1	2
4.	0	0	0	1	1	0	0	0	0	0	0	0	2		4.	0	0	0	0	0	0	1	0	0	0	1	0	2
5.	0	0	0	0	0	0	0	0	0	1	1	0	2		5.	0	1	0	0	0	0	0	0	0	0	0	1	2
6.	0	0	0	0	0	0	1	0	1	0	0	0	2		6.	0	0	0	0	1	1	0	0	0	0	0	0	2
7.	0	0	0	0	0	0	0	0	0	1	0	1	2		7.	0	0	0	0	1	1	0	0	0	0	0	0	2
8.	0	0	0	0	0	0	0	1	0	0	1	0	2		8.	1	0	0	0	0	0	0	0	0	1	0	0	2
9.	0	0	0	0	0	0	1	1	1	0	0	1	4		9.	0	1	1	1	0	0	0	0	0	1	0	0	4
10.	0	0	0	0	0	0	0	0	0	0	1	0	1		10.	0	0	0	0	0	0	0	0	1	0	0	0	1
	1	2	1	1	2	2	2	2	2	2	3	2			 	1	2	1	1	2	2	2	2	2	2	3	2	

				OSOBNIK NR3 - V3 											OSOBNIK NR2 - V4
 \	1.	2.	3.	4.	5.	6.	7.	8.	9.	10.	11.	12.			 \	1.	2.	3.	4.	5.	6.	7.	8.	9.	10.	11.	12.	
1.	14	4	10	5	3	1	2	14	3	0	5	5			1.	14	3	10	5	2	0	2	15	4	0	6	5	
2.	6	15	9	0	0	1	7	0	9	8	3	8			2.	6	14	8	0	0	1	8	0	9	8	4	8	
3.	1	12	8	11	3	11	0	5	4	0	7	4			3.	0	12	8	11	3	10	0	6	4	0	7	5	
4.	1	6	13	3	13	3	7	0	7	2	3	8			4.	1	6	13	2	12	3	8	0	7	2	4	8	
5.	0	5	3	0	0	9	4	15	6	8	10	6			5.	0	6	3	0	0	9	4	15	6	7	9	7	
6.	7	8	0	0	7	10	9	0	13	3	5	4			6.	7	8	0	0	8	11	8	0	12	3	5	4	
7.	10	3	15	16	2	6	1	0	2	2	4	5			7.	10	3	15	16	3	7	1	0	2	1	4	4	
8.	10	1	4	4	0	0	19	4	8	1	9	6			8.	11	1	4	4	0	0	19	3	8	2	8	6	
9.	0	8	3	3	10	0	4	15	7	7	3	6			9.	0	9	4	4	10	0	3	14	6	8	3	5	
10.	4	6	8	5	2	5	6	5	4	6	8	7			10.	4	6	8	5	2	5	6	5	5	6	7	7	
	
Osobnik nr 1
 \	5	15	15	10	
15	10	0	20	11	
25	12	7	9	20	
5	0	14	16	18	

Tablica przewozów
Optymalne rozwiązanie
 \	5	15	15	10	
15	0	0	15	0	
25	5	10	0	10	
5	0	5	0	0	
Funkcja oceny: 700
 indexu = 9
Osobnik nr 2
 \	5	15	15	10	
15	10	0	20	11	
25	12	7	9	20	
5	0	14	16	18	

Tablica przewozów
Optymalne rozwiązanie
 \	5	15	15	10	
15	0	0	15	0	
25	5	10	0	10	
5	0	5	0	0	
Funkcja oceny: 700
 indexu = 9
Osobnik nr 3
 \	5	15	15	10	
15	10	0	20	11	
25	12	7	9	20	
5	0	14	16	18	

Tablica przewozów
Optymalne rozwiązanie
 \	5	15	15	10	
15	0	15	0	0	
25	5	0	15	5	
5	0	0	0	5	
Funkcja oceny: 385
 indexu = 9
Osobnik nr 4
 \	5	15	15	10	
15	10	0	20	11	
25	12	7	9	20	
5	0	14	16	18	

Tablica przewozów
Optymalne rozwiązanie
 \	5	15	15	10	
15	0	15	0	0	
25	0	0	15	10	
5	5	0	0	0	
Funkcja oceny: 335
 indexu = 9
Osobnik nr 5
 \	5	15	15	10	
15	10	0	20	11	
25	12	7	9	20	
5	0	14	16	18	

Tablica przewozów
Optymalne rozwiązanie
 \	5	15	15	10	
15	0	15	0	0	
25	0	0	15	10	
5	5	0	0	0	
Funkcja oceny: 335
 indexu = 9
