Epoka nr 36
MUTACJA dla osobnika nr 4
 \	1.	2.	3.	4.	5.	6.	7.	8.	9.	10.	11.	12.	
1.	0	2	4	12	18	17	7	1	0	0	0	5		66+
2.	0	0	16	7	0	0	16	14	0	0	7	6		66+
3.	0	21	2	1	2	0	17	16	0	0	0	7		66+
4.	0	12	0	12	1	0	0	9	0	7	17	8		66+
5.	0	0	9	3	6	0	0	18	13	4	6	7		66+
6.	0	0	10	0	5	18	9	0	0	6	12	6		66+
7.	0	6	2	5	6	2	5	0	22	9	4	5		66+
8.	17	0	11	0	0	0	0	0	22	8	1	7		66+
9.	29	16	11	6	0	0	0	0	0	0	0	4		66+
10.	7	11	8	1	2	9	5	0	6	3	10	4		66+
														=660
	53+	68+	73+	47+	40+	46+	59+	58+	63+	37+	57+	59	=660
Wylosowano kolumny {2, 4, 5, 10}
Wylosowano wiersze {1, 3, 5}
Podmacierz W wylosowanych punktów
 \	2.	4.	5.	10.	
1.	2	12	18	0	
3.	21	1	2	0	
5.	0	3	6	4	
Zauważmy, że sourw[1] = 32, sourw[2] = 24, sourw[3] = 13, destw[1] = 23, destw[2] = 16, destw[3] = 26, destw[4] = 4
										
Po ponownej inicjalizacji macierzy W może ona przyjąć nastepującą postać
 \	2.	4.	5.	10.	
1.	0	16	16	0	
3.	10	0	10	4	
5.	13	0	0	0	

Populacja nr 4 po wykonaniu mutacji
 \	1.	2.	3.	4.	5.	6.	7.	8.	9.	10.	11.	12.	
1.	0	0	4	16	16	17	7	1	0	0	0	5	66
2.	0	0	16	7	0	0	16	14	0	0	7	6	66
3.	0	10	2	0	10	0	17	16	0	4	0	7	66
4.	0	12	0	12	1	0	0	9	0	7	17	8	66
5.	0	13	9	0	0	0	0	18	13	0	6	7	66
6.	0	0	10	0	5	18	9	0	0	6	12	6	66
7.	0	6	2	5	6	2	5	0	22	9	4	5	66
8.	17	0	11	0	0	0	0	0	22	8	1	7	66
9.	29	16	11	6	0	0	0	0	0	0	0	4	66
10.	7	11	8	1	2	9	5	0	6	3	10	4	66
													=660
53	68	73	47	40	46	59	58	63	37	57	59	=660

KRZYŻOWANIE dla osobnika 3ego z 2im
				OSOBNIK NR3 - V1 											OSOBNIK NR2 - V2
 \	1.	2.	3.	4.	5.	6.	7.	8.	9.	10.	11.	12.			 \	1.	2.	3.	4.	5.	6.	7.	8.	9.	10.	11.	12.	
1.	7	3	7	9	10	10	2	8	2	0	3	5			1.	14	3	10	5	2	0	2	15	4	0	6	5	
2.	3	7	12	2	0	0	11	7	2	9	6	7			2.	6	14	8	0	0	1	8	0	9	8	4	8	
3.	0	16	7	6	2	5	5	11	2	3	4	5			3.	0	12	8	11	3	19	0	2	4	0	2	5	
4.	0	9	7	8	7	2	3	4	4	4	10	8			4.	1	6	13	2	12	3	8	0	7	2	4	8	
5.	1	6	4	3	3	5	6	19	5	0	8	6			5.	0	6	3	0	0	0	4	33	6	7	0	7	
6.	4	4	5	0	6	14	10	0	6	4	8	5			6.	7	8	0	0	8	11	8	0	12	3	5	4	
7.	5	4	9	11	5	3	3	0	13	4	4	5			7.	10	3	15	16	3	7	1	0	2	1	4	4	
8.	10	1	7	2	0	0	10	0	21	4	4	7			8.	11	1	4	4	0	0	19	3	8	2	8	6	
9.	17	9	7	3	5	0	3	7	3	5	1	6			9.	0	9	4	4	10	0	3	0	6	8	17	5	
10.	6	9	8	3	2	7	6	2	5	4	9	5			10.	4	6	8	5	2	5	6	5	5	6	7	7	

				OSOBNIK NR3 - DIV 											OSOBNIK NR2 - REM
 \	1.	2.	3.	4.	5.	6.	7.	8.	9.	10.	11.	12.			 \	1.	2.	3.	4.	5.	6.	7.	8.	9.	10.	11.	12.	
1.	10	3	8	7	6	5	2	11	3	0	4	5			1.	1	0	1	0	0	0	0	1	0	0	1	0	4
2.	4	10	10	1	0	0	9	3	5	8	5	7			2.	1	1	0	0	0	1	1	1	1	1	0	1	8
3.	0	14	7	8	2	12	2	6	3	1	3	5			3.	0	0	1	1	1	0	1	1	0	1	0	0	6
4.	0	7	10	5	9	2	5	2	5	3	7	8			4.	1	1	0	0	1	1	1	0	1	0	0	0	6
5.	0	6	3	1	1	2	5	26	5	3	4	6			5.	1	0	1	1	1	1	0	0	1	1	0	1	8
6.	5	6	2	0	7	12	9	0	9	3	6	4			6.	1	0	1	0	0	1	0	0	0	1	1	1	6
7.	7	3	12	13	4	5	2	0	7	2	4	4			7.	1	1	0	1	0	0	0	0	1	1	0	1	6
8.	10	1	5	3	0	0	14	1	14	3	6	6			8.	1	0	1	0	0	0	1	1	1	0	0	1	6
9.	8	9	5	3	7	0	3	3	4	6	9	5			9.	1	0	1	1	1	0	0	1	1	1	0	1	8
10.	5	7	8	4	2	6	6	3	5	5	8	6			10.	0	1	0	0	0	0	0	1	0	0	0	0	2
																8	4	6	4	4	4	4	6	6	6	2	6

				OSOBNIK NR3 - REM1 											OSOBNIK NR2 - REM2
 \	1.	2.	3.	4.	5.	6.	7.	8.	9.	10.	11.	12.			 \	1.	2.	3.	4.	5.	6.	7.	8.	9.	10.	11.	12.	
1.	1	0	1	0	0	0	0	0	0	0	0	0	2		1.	0	0	0	0	0	0	0	1	0	0	1	0	2
2.	1	1	0	0	0	1	1	0	0	0	0	0	4		2.	0	0	0	0	0	0	0	1	1	1	0	1	4
3.	0	0	1	1	1	0	0	0	0	0	0	0	3		3.	0	0	0	0	0	0	1	1	0	1	0	0	3
4.	1	1	0	0	1	0	0	0	0	0	0	0	3		4.	0	0	0	0	0	1	1	0	1	0	0	0	3
5.	1	0	1	1	0	1	0	0	0	0	0	0	4		5.	0	0	0	0	1	0	0	0	1	1	0	1	4
6.	0	0	0	0	0	0	0	0	0	1	1	1	3		6.	1	0	1	0	0	1	0	0	0	0	0	0	3
7.	0	0	0	0	0	0	0	0	1	1	0	1	3		7.	1	1	0	1	0	0	0	0	0	0	0	0	3
8.	0	0	0	0	0	0	1	1	1	0	0	0	3		8.	1	0	1	0	0	0	0	0	0	0	0	1	3
9.	0	0	0	0	0	0	0	1	1	1	0	1	4		9.	1	0	1	1	1	0	0	0	0	0	0	0	4
10.	0	0	0	0	0	0	0	1	0	0	0	0	1		10.	0	1	0	0	0	0	0	0	0	0	0	0	1
	4	2	3	2	2	2	2	3	3	3	1	3			 	4	2	3	2	2	2	2	3	3	3	1	3	

				OSOBNIK NR3 - V3 											OSOBNIK NR2 - V4
 \	1.	2.	3.	4.	5.	6.	7.	8.	9.	10.	11.	12.			 \	1.	2.	3.	4.	5.	6.	7.	8.	9.	10.	11.	12.	
1.	11	3	9	7	6	5	2	11	3	0	4	5			1.	10	3	8	7	6	5	2	12	3	0	5	5	
2.	5	11	10	1	0	1	10	3	5	8	5	7			2.	4	10	10	1	0	0	9	4	6	9	5	8	
3.	0	14	8	9	3	12	2	6	3	1	3	5			3.	0	14	7	8	2	12	3	7	3	2	3	5	
4.	1	8	10	5	10	2	5	2	5	3	7	8			4.	0	7	10	5	9	3	6	2	6	3	7	8	
5.	1	6	4	2	1	3	5	26	5	3	4	6			5.	0	6	3	1	2	2	5	26	6	4	4	7	
6.	5	6	2	0	7	12	9	0	9	4	7	5			6.	6	6	3	0	7	13	9	0	9	3	6	4	
7.	7	3	12	13	4	5	2	0	8	3	4	5			7.	8	4	12	14	4	5	2	0	7	2	4	4	
8.	10	1	5	3	0	0	15	2	15	3	6	6			8.	11	1	6	3	0	0	14	1	14	3	6	7	
9.	8	9	5	3	7	0	3	4	5	7	9	6			9.	9	9	6	4	8	0	3	3	4	6	9	5	
10.	5	7	8	4	2	6	6	4	5	5	8	6			10.	5	8	8	4	2	6	6	3	5	5	8	6	
	
Osobnik nr 1
 \	5	15	15	10	
15	10	0	20	11	
25	12	7	9	20	
5	0	14	16	18	

Tablica przewozów
Optymalne rozwiązanie
 \	5	15	15	10	
15	0	0	15	0	
25	5	10	0	10	
5	0	5	0	0	
Funkcja oceny: 700
 indexu = 9
Osobnik nr 2
 \	5	15	15	10	
15	10	0	20	11	
25	12	7	9	20	
5	0	14	16	18	

Tablica przewozów
Optymalne rozwiązanie
 \	5	15	15	10	
15	0	0	15	0	
25	5	10	0	10	
5	0	5	0	0	
Funkcja oceny: 700
 indexu = 9
Osobnik nr 3
 \	5	15	15	10	
15	10	0	20	11	
25	12	7	9	20	
5	0	14	16	18	

Tablica przewozów
Optymalne rozwiązanie
 \	5	15	15	10	
15	0	15	0	0	
25	5	0	15	5	
5	0	0	0	5	
Funkcja oceny: 385
 indexu = 9
Osobnik nr 4
 \	5	15	15	10	
15	10	0	20	11	
25	12	7	9	20	
5	0	14	16	18	

Tablica przewozów
Optymalne rozwiązanie
 \	5	15	15	10	
15	0	15	0	0	
25	0	0	15	10	
5	5	0	0	0	
Funkcja oceny: 335
 indexu = 8
Osobnik nr 5
 \	5	15	15	10	
15	10	0	20	11	
25	12	7	9	20	
5	0	14	16	18	

Tablica przewozów
Optymalne rozwiązanie
 \	5	15	15	10	
15	0	15	0	0	
25	0	0	15	10	
5	5	0	0	0	
Funkcja oceny: 335
 indexu = 7
