Problem transportowy
Osobnik nr 1
 \	1.	2.	3.	4.	5.	6.	7.	8.	9.	10.	11.	12.	
1.	7	6	1	10	9	11	2	8	4	5	0	3		66+
2.	1	2	10	6	8	9	3	11	7	0	4	5		66+
3.	10	5	3	1	6	4	8	7	9	11	0	2		66+
4.	9	8	0	1	7	6	11	2	3	4	10	5		66+
5.	7	8	4	5	2	11	10	6	3	9	0	1		66+
6.	7	6	1	10	9	11	2	8	4	5	0	3		66+
7.	9	8	0	1	7	6	11	2	3	4	10	5		66+
8.	9	8	0	1	7	6	11	2	3	4	10	5		66+
9.	1	2	10	6	8	9	3	11	7	0	4	5		66+
10.	10	5	3	1	6	4	8	7	9	11	0	2		66+
														=660
	70+	58+	32+	42+	69+	77+	69+	64+	52+	53+	38+	36	=660

Tablica kosztów
 \	5	15	15	10	
15	10	0	20	11	
25	12	7	9	20	
5	0	14	16	18	

Tablica przewozów
Optymalne rozwiązanie
 \	5	15	15	10	
15	0	15	0	0	
25	0	0	15	10	
5	5	0	0	0	
Funkcja oceny: 335
 indexu = 5
Osobnik nr 2
 \	1.	2.	3.	4.	5.	6.	7.	8.	9.	10.	11.	12.	
1.	10	5	3	1	6	4	8	7	9	11	0	2		66+
2.	9	8	0	1	7	6	11	2	3	4	10	5		66+
3.	1	2	10	6	8	9	3	11	7	0	4	5		66+
4.	10	5	3	1	6	4	8	7	9	11	0	2		66+
5.	7	8	4	5	2	11	10	6	3	9	0	1		66+
6.	9	8	0	1	7	6	11	2	3	4	10	5		66+
7.	7	6	1	10	9	11	2	8	4	5	0	3		66+
8.	1	2	10	6	8	9	3	11	7	0	4	5		66+
9.	9	8	0	1	7	6	11	2	3	4	10	5		66+
10.	7	6	1	10	9	11	2	8	4	5	0	3		66+
														=660
	70+	58+	32+	42+	69+	77+	69+	64+	52+	53+	38+	36	=660

Tablica kosztów
 \	5	15	15	10	
15	10	0	20	11	
25	12	7	9	20	
5	0	14	16	18	

Tablica przewozów
Optymalne rozwiązanie
 \	5	15	15	10	
15	0	15	0	0	
25	0	0	15	10	
5	5	0	0	0	
Funkcja oceny: 335
 indexu = 6
Osobnik nr 3
 \	1.	2.	3.	4.	5.	6.	7.	8.	9.	10.	11.	12.	
1.	1	2	10	6	8	9	3	11	7	0	4	5		66+
2.	9	8	0	1	7	6	11	2	3	4	10	5		66+
3.	7	6	1	10	9	11	2	8	4	5	0	3		66+
4.	10	5	3	1	6	4	8	7	9	11	0	2		66+
5.	9	8	0	1	7	6	11	2	3	4	10	5		66+
6.	7	8	4	5	2	11	10	6	3	9	0	1		66+
7.	10	5	3	1	6	4	8	7	9	11	0	2		66+
8.	7	6	1	10	9	11	2	8	4	5	0	3		66+
9.	1	2	10	6	8	9	3	11	7	0	4	5		66+
10.	9	8	0	1	7	6	11	2	3	4	10	5		66+
														=660
	70+	58+	32+	42+	69+	77+	69+	64+	52+	53+	38+	36	=660

Tablica kosztów
 \	5	15	15	10	
15	10	0	20	11	
25	12	7	9	20	
5	0	14	16	18	

Tablica przewozów
Optymalne rozwiązanie
 \	5	15	15	10	
15	0	15	0	0	
25	0	0	15	10	
5	5	0	0	0	
Funkcja oceny: 335
 indexu = 2
Osobnik nr 4
 \	1.	2.	3.	4.	5.	6.	7.	8.	9.	10.	11.	12.	
1.	7	8	4	5	2	11	10	6	3	9	0	1		66+
2.	9	8	0	1	7	6	11	2	3	4	10	5		66+
3.	7	6	1	10	9	11	2	8	4	5	0	3		66+
4.	9	8	0	1	7	6	11	2	3	4	10	5		66+
5.	10	5	3	1	6	4	8	7	9	11	0	2		66+
6.	1	2	10	6	8	9	3	11	7	0	4	5		66+
7.	7	6	1	10	9	11	2	8	4	5	0	3		66+
8.	9	8	0	1	7	6	11	2	3	4	10	5		66+
9.	10	5	3	1	6	4	8	7	9	11	0	2		66+
10.	1	2	10	6	8	9	3	11	7	0	4	5		66+
														=660
	70+	58+	32+	42+	69+	77+	69+	64+	52+	53+	38+	36	=660

Tablica kosztów
 \	5	15	15	10	
15	10	0	20	11	
25	12	7	9	20	
5	0	14	16	18	

Tablica przewozów
Optymalne rozwiązanie
 \	5	15	15	10	
15	0	15	0	0	
25	0	0	15	10	
5	5	0	0	0	
Funkcja oceny: 335
 indexu = 2
Osobnik nr 5
 \	1.	2.	3.	4.	5.	6.	7.	8.	9.	10.	11.	12.	
1.	1	2	10	6	8	9	3	11	7	0	4	5		66+
2.	7	8	4	5	2	11	10	6	3	9	0	1		66+
3.	7	6	1	10	9	11	2	8	4	5	0	3		66+
4.	9	8	0	1	7	6	11	2	3	4	10	5		66+
5.	9	8	0	1	7	6	11	2	3	4	10	5		66+
6.	10	5	3	1	6	4	8	7	9	11	0	2		66+
7.	7	6	1	10	9	11	2	8	4	5	0	3		66+
8.	10	5	3	1	6	4	8	7	9	11	0	2		66+
9.	1	2	10	6	8	9	3	11	7	0	4	5		66+
10.	9	8	0	1	7	6	11	2	3	4	10	5		66+
														=660
	70+	58+	32+	42+	69+	77+	69+	64+	52+	53+	38+	36	=660

Tablica kosztów
 \	5	15	15	10	
15	10	0	20	11	
25	12	7	9	20	
5	0	14	16	18	

Tablica przewozów
Optymalne rozwiązanie
 \	5	15	15	10	
15	0	15	0	0	
25	0	0	15	10	
5	5	0	0	0	
Funkcja oceny: 335
 indexu = 6
Algorytm genetyczny: 

