Epoka nr 20
MUTACJA dla osobnika nr 3
 \	1.	2.	3.	4.	5.	6.	7.	8.	9.	10.	11.	12.	
1.	15	0	0	17	10	15	0	0	0	0	4	5		66+
2.	16	0	0	0	28	6	1	0	0	0	10	5		66+
3.	0	0	0	16	0	10	5	0	32	0	0	3		66+
4.	10	0	0	1	10	0	8	7	9	19	0	2		66+
5.	0	0	0	0	7	6	0	17	8	9	14	5		66+
6.	0	11	0	0	0	34	20	0	0	0	0	1		66+
7.	6	10	0	1	0	0	8	23	0	16	0	2		66+
8.	0	21	15	0	7	0	0	15	0	5	0	3		66+
9.	14	8	17	6	0	0	16	0	0	0	0	5		66+
10.	9	8	0	1	7	6	11	2	3	4	10	5		66+
														=660
	70+	58+	32+	42+	69+	77+	69+	64+	52+	53+	38+	36	=660
Wylosowano kolumny {1, 5, 9, 11}
Wylosowano wiersze {1, 3, 9}
Podmacierz W wylosowanych punktów
 \	1.	5.	9.	11.	
1.	15	10	0	4	
3.	0	0	32	0	
9.	14	0	0	0	
Zauważmy, że sourw[1] = 29, sourw[2] = 32, sourw[3] = 14, destw[1] = 29, destw[2] = 10, destw[3] = 32, destw[4] = 4
										
Po ponownej inicjalizacji macierzy W może ona przyjąć nastepującą postać
 \	1.	5.	9.	11.	
1.	25	0	4	0	
3.	0	0	28	4	
9.	4	10	0	0	

Populacja nr 3 po wykonaniu mutacji
 \	1.	2.	3.	4.	5.	6.	7.	8.	9.	10.	11.	12.	
1.	25	0	0	17	0	15	0	0	4	0	0	5	66
2.	16	0	0	0	28	6	1	0	0	0	10	5	66
3.	0	0	0	16	0	10	5	0	28	0	4	3	66
4.	10	0	0	1	10	0	8	7	9	19	0	2	66
5.	0	0	0	0	7	6	0	17	8	9	14	5	66
6.	0	11	0	0	0	34	20	0	0	0	0	1	66
7.	6	10	0	1	0	0	8	23	0	16	0	2	66
8.	0	21	15	0	7	0	0	15	0	5	0	3	66
9.	4	8	17	6	10	0	16	0	0	0	0	5	66
10.	9	8	0	1	7	6	11	2	3	4	10	5	66
													=660
70	58	32	42	69	77	69	64	52	53	38	36	=660

KRZYŻOWANIE dla osobnika 5ego z 2im
				OSOBNIK NR5 - V1 											OSOBNIK NR2 - V2
 \	1.	2.	3.	4.	5.	6.	7.	8.	9.	10.	11.	12.			 \	1.	2.	3.	4.	5.	6.	7.	8.	9.	10.	11.	12.	
1.	14	5	6	7	7	0	2	9	8	5	0	3			1.	13	5	6	7	7	0	1	9	8	6	0	4	
2.	12	8	4	3	4	3	5	13	4	2	5	3			2.	11	8	4	3	3	3	6	14	4	2	5	3	
3.	0	6	6	9	11	1	9	5	13	0	2	4			3.	1	5	5	8	10	0	10	6	14	1	2	4	
4.	12	1	2	0	6	13	6	4	6	12	0	4			4.	13	1	2	0	7	13	6	3	6	12	0	3	
5.	5	4	5	3	1	6	10	3	1	16	9	3			5.	5	4	4	2	1	5	11	3	2	17	9	3	
6.	12	4	2	4	6	10	8	5	0	2	10	3			6.	12	4	1	4	7	11	7	4	0	2	10	4	
7.	2	7	0	5	9	12	2	14	4	3	5	3			7.	2	8	1	5	9	12	2	13	4	2	5	3	
8.	0	11	5	6	4	5	7	5	11	6	2	4			8.	0	11	5	7	4	5	7	6	11	5	2	3	
9.	5	5	2	0	13	19	13	1	1	2	0	5			9.	5	5	3	0	13	19	13	1	0	2	0	5	
10.	8	7	0	5	8	8	7	5	4	5	5	4			10.	8	7	1	6	8	9	6	5	3	4	5	4	

				OSOBNIK NR5 - DIV 											OSOBNIK NR2 - REM
 \	1.	2.	3.	4.	5.	6.	7.	8.	9.	10.	11.	12.			 \	1.	2.	3.	4.	5.	6.	7.	8.	9.	10.	11.	12.	
1.	13	5	6	7	7	0	1	9	8	5	0	3			1.	1	0	0	0	0	0	1	0	0	1	0	1	4
2.	11	8	4	3	3	3	5	13	4	2	5	3			2.	1	0	0	0	1	0	1	1	0	0	0	0	4
3.	0	5	5	8	10	0	9	5	13	0	2	4			3.	1	1	1	1	1	1	1	1	1	1	0	0	10
4.	12	1	2	0	6	13	6	3	6	12	0	3			4.	1	0	0	0	1	0	0	1	0	0	0	1	4
5.	5	4	4	2	1	5	10	3	1	16	9	3			5.	0	0	1	1	0	1	1	0	1	1	0	0	6
6.	12	4	1	4	6	10	7	4	0	2	10	3			6.	0	0	1	0	1	1	1	1	0	0	0	1	6
7.	2	7	0	5	9	12	2	13	4	2	5	3			7.	0	1	1	0	0	0	0	1	0	1	0	0	4
8.	0	11	5	6	4	5	7	5	11	5	2	3			8.	0	0	0	1	0	0	0	1	0	1	0	1	4
9.	5	5	2	0	13	19	13	1	0	2	0	5			9.	0	0	1	0	0	0	0	0	1	0	0	0	2
10.	8	7	0	5	8	8	6	5	3	4	5	4			10.	0	0	1	1	0	1	1	0	1	1	0	0	6
																4	2	6	4	4	4	6	6	4	6	0	4

				OSOBNIK NR5 - REM1 											OSOBNIK NR2 - REM2
 \	1.	2.	3.	4.	5.	6.	7.	8.	9.	10.	11.	12.			 \	1.	2.	3.	4.	5.	6.	7.	8.	9.	10.	11.	12.	
1.	1	0	0	0	0	0	1	0	0	0	0	0	2		1.	0	0	0	0	0	0	0	0	0	1	0	1	2
2.	1	0	0	0	1	0	0	0	0	0	0	0	2		2.	0	0	0	0	0	0	1	1	0	0	0	0	2
3.	0	1	1	1	1	1	0	0	0	0	0	0	5		3.	1	0	0	0	0	0	1	1	1	1	0	0	5
4.	0	0	0	0	0	0	0	1	0	0	0	1	2		4.	1	0	0	0	1	0	0	0	0	0	0	0	2
5.	0	0	1	1	0	1	0	0	0	0	0	0	3		5.	0	0	0	0	0	0	1	0	1	1	0	0	3
6.	0	0	1	0	0	0	1	1	0	0	0	0	3		6.	0	0	0	0	1	1	0	0	0	0	0	1	3
7.	0	0	0	0	0	0	0	1	0	1	0	0	2		7.	0	1	1	0	0	0	0	0	0	0	0	0	2
8.	0	0	0	0	0	0	0	0	0	1	0	1	2		8.	0	0	0	1	0	0	0	1	0	0	0	0	2
9.	0	0	0	0	0	0	0	0	1	0	0	0	1		9.	0	0	1	0	0	0	0	0	0	0	0	0	1
10.	0	0	0	0	0	0	1	0	1	1	0	0	3		10.	0	0	1	1	0	1	0	0	0	0	0	0	3
	2	1	3	2	2	2	3	3	2	3	0	2			 	2	1	3	2	2	2	3	3	2	3	0	2	

				OSOBNIK NR5 - V3 											OSOBNIK NR2 - V4
 \	1.	2.	3.	4.	5.	6.	7.	8.	9.	10.	11.	12.			 \	1.	2.	3.	4.	5.	6.	7.	8.	9.	10.	11.	12.	
1.	14	5	6	7	7	0	2	9	8	5	0	3			1.	13	5	6	7	7	0	1	9	8	6	0	4	
2.	12	8	4	3	4	3	5	13	4	2	5	3			2.	11	8	4	3	3	3	6	14	4	2	5	3	
3.	0	6	6	9	11	1	9	5	13	0	2	4			3.	1	5	5	8	10	0	10	6	14	1	2	4	
4.	12	1	2	0	6	13	6	4	6	12	0	4			4.	13	1	2	0	7	13	6	3	6	12	0	3	
5.	5	4	5	3	1	6	10	3	1	16	9	3			5.	5	4	4	2	1	5	11	3	2	17	9	3	
6.	12	4	2	4	6	10	8	5	0	2	10	3			6.	12	4	1	4	7	11	7	4	0	2	10	4	
7.	2	7	0	5	9	12	2	14	4	3	5	3			7.	2	8	1	5	9	12	2	13	4	2	5	3	
8.	0	11	5	6	4	5	7	5	11	6	2	4			8.	0	11	5	7	4	5	7	6	11	5	2	3	
9.	5	5	2	0	13	19	13	1	1	2	0	5			9.	5	5	3	0	13	19	13	1	0	2	0	5	
10.	8	7	0	5	8	8	7	5	4	5	5	4			10.	8	7	1	6	8	9	6	5	3	4	5	4	
	
Osobnik nr 1
 \	5	15	15	10	
15	10	0	20	11	
25	12	7	9	20	
5	0	14	16	18	

Tablica przewozów
Optymalne rozwiązanie
 \	5	15	15	10	
15	5	0	0	10	
25	0	15	10	0	
5	0	0	5	0	
Funkcja oceny: 435
 indexu = 2
Osobnik nr 2
 \	5	15	15	10	
15	10	0	20	11	
25	12	7	9	20	
5	0	14	16	18	

Tablica przewozów
Optymalne rozwiązanie
 \	5	15	15	10	
15	0	15	0	0	
25	0	0	15	10	
5	5	0	0	0	
Funkcja oceny: 335
 indexu = 6
Osobnik nr 3
 \	5	15	15	10	
15	10	0	20	11	
25	12	7	9	20	
5	0	14	16	18	

Tablica przewozów
Optymalne rozwiązanie
 \	5	15	15	10	
15	5	10	0	0	
25	0	0	15	10	
5	0	5	0	0	
Funkcja oceny: 455
 indexu = 9
Osobnik nr 4
 \	5	15	15	10	
15	10	0	20	11	
25	12	7	9	20	
5	0	14	16	18	

Tablica przewozów
Optymalne rozwiązanie
 \	5	15	15	10	
15	0	15	0	0	
25	5	0	10	10	
5	0	0	5	0	
Funkcja oceny: 430
 indexu = 9
Osobnik nr 5
 \	5	15	15	10	
15	10	0	20	11	
25	12	7	9	20	
5	0	14	16	18	

Tablica przewozów
Optymalne rozwiązanie
 \	5	15	15	10	
15	5	10	0	0	
25	0	0	15	10	
5	0	5	0	0	
Funkcja oceny: 455
 indexu = 9
