Epoka nr 100


KRZYŻOWANIE dla osobnika 5ego z 4im
				OSOBNIK NR5 - V1 											OSOBNIK NR4 - V2
 \	1.	2.	3.	4.	5.	6.	7.	8.	9.	10.	11.	12.			 \	1.	2.	3.	4.	5.	6.	7.	8.	9.	10.	11.	12.	
1.	7	2	7	8	3	5	7	7	0	8	8	4			1.	6	2	7	8	2	6	7	7	1	8	8	4	
2.	2	8	10	5	5	6	3	2	5	7	8	5			2.	1	7	9	4	5	7	3	2	6	7	9	6	
3.	4	3	6	9	12	5	5	1	0	7	10	4			3.	3	3	6	9	11	6	5	2	0	7	10	4	
4.	7	1	4	11	3	2	5	7	3	8	9	6			4.	7	1	4	11	2	2	5	8	3	8	9	6	
5.	3	7	7	6	6	7	6	8	1	8	6	1			5.	3	6	6	6	5	6	7	8	2	8	7	2	
6.	3	7	6	6	0	7	12	6	4	8	6	1			6.	3	6	7	6	1	6	12	5	3	8	7	2	
7.	6	2	7	8	2	6	7	7	1	8	8	4			7.	7	2	7	8	3	5	7	7	0	8	8	4	
8.	4	6	10	3	3	7	5	6	1	8	7	6			8.	5	7	11	4	4	6	4	5	1	8	6	5	
9.	6	1	2	9	6	6	10	3	5	5	7	6			9.	7	2	2	9	7	7	9	3	5	4	6	5	
10.	6	2	5	6	4	10	6	7	6	4	6	4			10.	6	3	5	6	4	10	7	7	5	5	5	3	

				OSOBNIK NR5 - DIV 											OSOBNIK NR4 - REM
 \	1.	2.	3.	4.	5.	6.	7.	8.	9.	10.	11.	12.			 \	1.	2.	3.	4.	5.	6.	7.	8.	9.	10.	11.	12.	
1.	6	2	7	8	2	5	7	7	0	8	8	4			1.	1	0	0	0	1	1	0	0	1	0	0	0	4
2.	1	7	9	4	5	6	3	2	5	7	8	5			2.	1	1	1	1	0	1	0	0	1	0	1	1	8
3.	3	3	6	9	11	5	5	1	0	7	10	4			3.	1	0	0	0	1	1	0	1	0	0	0	0	4
4.	7	1	4	11	2	2	5	7	3	8	9	6			4.	0	0	0	0	1	0	0	1	0	0	0	0	2
5.	3	6	6	6	5	6	6	8	1	8	6	1			5.	0	1	1	0	1	1	1	0	1	0	1	1	8
6.	3	6	6	6	0	6	12	5	3	8	6	1			6.	0	1	1	0	1	1	0	1	1	0	1	1	8
7.	6	2	7	8	2	5	7	7	0	8	8	4			7.	1	0	0	0	1	1	0	0	1	0	0	0	4
8.	4	6	10	3	3	6	4	5	1	8	6	5			8.	1	1	1	1	1	1	1	1	0	0	1	1	10
9.	6	1	2	9	6	6	9	3	5	4	6	5			9.	1	1	0	0	1	1	1	0	0	1	1	1	8
10.	6	2	5	6	4	10	6	7	5	4	5	3			10.	0	1	0	0	0	0	1	0	1	1	1	1	6
																6	6	4	2	8	8	4	4	6	2	6	6

				OSOBNIK NR5 - REM1 											OSOBNIK NR4 - REM2
 \	1.	2.	3.	4.	5.	6.	7.	8.	9.	10.	11.	12.			 \	1.	2.	3.	4.	5.	6.	7.	8.	9.	10.	11.	12.	
1.	1	0	0	0	1	0	0	0	0	0	0	0	2		1.	0	0	0	0	0	1	0	0	1	0	0	0	2
2.	1	1	1	1	0	0	0	0	0	0	0	0	4		2.	0	0	0	0	0	1	0	0	1	0	1	1	4
3.	1	0	0	0	1	0	0	0	0	0	0	0	2		3.	0	0	0	0	0	1	0	1	0	0	0	0	2
4.	0	0	0	0	1	0	0	0	0	0	0	0	1		4.	0	0	0	0	0	0	0	1	0	0	0	0	1
5.	0	1	1	0	1	1	0	0	0	0	0	0	4		5.	0	0	0	0	0	0	1	0	1	0	1	1	4
6.	0	1	0	0	0	1	0	1	1	0	0	0	4		6.	0	0	1	0	1	0	0	0	0	0	1	1	4
7.	0	0	0	0	0	1	0	0	1	0	0	0	2		7.	1	0	0	0	1	0	0	0	0	0	0	0	2
8.	0	0	0	0	0	1	1	1	0	0	1	1	5		8.	1	1	1	1	1	0	0	0	0	0	0	0	5
9.	0	0	0	0	0	0	1	0	0	1	1	1	4		9.	1	1	0	0	1	1	0	0	0	0	0	0	4
10.	0	0	0	0	0	0	0	0	1	0	1	1	3		10.	0	1	0	0	0	0	1	0	0	1	0	0	3
	3	3	2	1	4	4	2	2	3	1	3	3			 	3	3	2	1	4	4	2	2	3	1	3	3	

				OSOBNIK NR5 - V3 											OSOBNIK NR4 - V4
 \	1.	2.	3.	4.	5.	6.	7.	8.	9.	10.	11.	12.			 \	1.	2.	3.	4.	5.	6.	7.	8.	9.	10.	11.	12.	
1.	7	2	7	8	3	5	7	7	0	8	8	4			1.	6	2	7	8	2	6	7	7	1	8	8	4	
2.	2	8	10	5	5	6	3	2	5	7	8	5			2.	1	7	9	4	5	7	3	2	6	7	9	6	
3.	4	3	6	9	12	5	5	1	0	7	10	4			3.	3	3	6	9	11	6	5	2	0	7	10	4	
4.	7	1	4	11	3	2	5	7	3	8	9	6			4.	7	1	4	11	2	2	5	8	3	8	9	6	
5.	3	7	7	6	6	7	6	8	1	8	6	1			5.	3	6	6	6	5	6	7	8	2	8	7	2	
6.	3	7	6	6	0	7	12	6	4	8	6	1			6.	3	6	7	6	1	6	12	5	3	8	7	2	
7.	6	2	7	8	2	6	7	7	1	8	8	4			7.	7	2	7	8	3	5	7	7	0	8	8	4	
8.	4	6	10	3	3	7	5	6	1	8	7	6			8.	5	7	11	4	4	6	4	5	1	8	6	5	
9.	6	1	2	9	6	6	10	3	5	5	7	6			9.	7	2	2	9	7	7	9	3	5	4	6	5	
10.	6	2	5	6	4	10	6	7	6	4	6	4			10.	6	3	5	6	4	10	7	7	5	5	5	3	
	
Osobnik nr 1
 \	15	19	13	18	
20	3	6	8	4	
28	6	1	2	5	
17	7	8	3	9	

Tablica przewozów
Optymalne rozwiązanie
 \	15	19	13	18	
20	0	2	0	18	
28	15	13	0	0	
17	0	4	13	0	
Funkcja oceny: 258
 indexu = 9
Osobnik nr 2
 \	15	19	13	18	
20	3	6	8	4	
28	6	1	2	5	
17	7	8	3	9	

Tablica przewozów
Optymalne rozwiązanie
 \	15	19	13	18	
20	2	0	0	18	
28	0	15	13	0	
17	13	4	0	0	
Funkcja oceny: 242
 indexu = 3
Osobnik nr 3
 \	15	19	13	18	
20	3	6	8	4	
28	6	1	2	5	
17	7	8	3	9	

Tablica przewozów
Optymalne rozwiązanie
 \	15	19	13	18	
20	0	19	1	0	
28	10	0	0	18	
17	5	0	12	0	
Funkcja oceny: 343
 indexu = 3
Osobnik nr 4
 \	15	19	13	18	
20	3	6	8	4	
28	6	1	2	5	
17	7	8	3	9	

Tablica przewozów
Optymalne rozwiązanie
 \	15	19	13	18	
20	2	0	0	18	
28	0	15	13	0	
17	13	4	0	0	
Funkcja oceny: 242
 indexu = 5
Osobnik nr 5
 \	15	19	13	18	
20	3	6	8	4	
28	6	1	2	5	
17	7	8	3	9	

Tablica przewozów
Optymalne rozwiązanie
 \	15	19	13	18	
20	15	5	0	0	
28	0	0	13	15	
17	0	14	0	3	
Funkcja oceny: 315
 indexu = 9

Najtańszy koszt wynosi = 204
