Problem transportowy
Osobnik nr 1
 \	1.	2.	3.	4.	5.	6.	7.	8.	9.	10.	11.	12.	
1.	9	8	10	6	0	7	2	3	1	11	4	5		66+
2.	11	7	4	10	8	6	1	3	9	5	0	2		66+
3.	11	8	2	6	5	10	7	9	3	0	4	1		66+
4.	8	2	4	1	11	7	10	9	3	0	5	6		66+
5.	11	0	9	7	4	8	1	5	3	6	10	2		66+
6.	11	7	4	10	8	6	1	3	9	5	0	2		66+
7.	5	11	9	3	4	7	6	1	2	10	8	0		66+
8.	7	10	1	2	11	5	6	3	8	4	0	9		66+
9.	11	8	2	6	5	10	7	9	3	0	4	1		66+
10.	9	8	10	6	0	7	2	3	1	11	4	5		66+
														=660
	93+	69+	55+	57+	56+	73+	43+	48+	42+	52+	39+	33	=660

Tablica kosztów
 \	15	19	13	18	
20	3	6	8	4	
28	6	1	2	5	
17	7	8	3	9	

Tablica przewozów
Optymalne rozwiązanie
 \	15	19	13	18	
20	15	5	0	0	
28	0	14	13	1	
17	0	0	0	17	
Funkcja oceny: 273
 indexu = 4
Osobnik nr 2
 \	1.	2.	3.	4.	5.	6.	7.	8.	9.	10.	11.	12.	
1.	11	8	2	6	5	10	7	9	3	0	4	1		66+
2.	9	8	10	6	0	7	2	3	1	11	4	5		66+
3.	9	8	10	6	0	7	2	3	1	11	4	5		66+
4.	5	11	9	3	4	7	6	1	2	10	8	0		66+
5.	11	8	2	6	5	10	7	9	3	0	4	1		66+
6.	7	10	1	2	11	5	6	3	8	4	0	9		66+
7.	11	7	4	10	8	6	1	3	9	5	0	2		66+
8.	11	0	9	7	4	8	1	5	3	6	10	2		66+
9.	11	7	4	10	8	6	1	3	9	5	0	2		66+
10.	8	2	4	1	11	7	10	9	3	0	5	6		66+
														=660
	93+	69+	55+	57+	56+	73+	43+	48+	42+	52+	39+	33	=660

Tablica kosztów
 \	15	19	13	18	
20	3	6	8	4	
28	6	1	2	5	
17	7	8	3	9	

Tablica przewozów
Optymalne rozwiązanie
 \	15	19	13	18	
20	15	5	0	0	
28	0	14	13	1	
17	0	0	0	17	
Funkcja oceny: 273
 indexu = 7
Osobnik nr 3
 \	1.	2.	3.	4.	5.	6.	7.	8.	9.	10.	11.	12.	
1.	11	7	4	10	8	6	1	3	9	5	0	2		66+
2.	11	8	2	6	5	10	7	9	3	0	4	1		66+
3.	5	11	9	3	4	7	6	1	2	10	8	0		66+
4.	7	10	1	2	11	5	6	3	8	4	0	9		66+
5.	9	8	10	6	0	7	2	3	1	11	4	5		66+
6.	11	0	9	7	4	8	1	5	3	6	10	2		66+
7.	9	8	10	6	0	7	2	3	1	11	4	5		66+
8.	11	8	2	6	5	10	7	9	3	0	4	1		66+
9.	8	2	4	1	11	7	10	9	3	0	5	6		66+
10.	11	7	4	10	8	6	1	3	9	5	0	2		66+
														=660
	93+	69+	55+	57+	56+	73+	43+	48+	42+	52+	39+	33	=660

Tablica kosztów
 \	15	19	13	18	
20	3	6	8	4	
28	6	1	2	5	
17	7	8	3	9	

Tablica przewozów
Optymalne rozwiązanie
 \	15	19	13	18	
20	15	5	0	0	
28	0	14	13	1	
17	0	0	0	17	
Funkcja oceny: 273
 indexu = 5
Osobnik nr 4
 \	1.	2.	3.	4.	5.	6.	7.	8.	9.	10.	11.	12.	
1.	11	7	4	10	8	6	1	3	9	5	0	2		66+
2.	8	2	4	1	11	7	10	9	3	0	5	6		66+
3.	11	8	2	6	5	10	7	9	3	0	4	1		66+
4.	7	10	1	2	11	5	6	3	8	4	0	9		66+
5.	11	8	2	6	5	10	7	9	3	0	4	1		66+
6.	5	11	9	3	4	7	6	1	2	10	8	0		66+
7.	11	0	9	7	4	8	1	5	3	6	10	2		66+
8.	11	7	4	10	8	6	1	3	9	5	0	2		66+
9.	9	8	10	6	0	7	2	3	1	11	4	5		66+
10.	9	8	10	6	0	7	2	3	1	11	4	5		66+
														=660
	93+	69+	55+	57+	56+	73+	43+	48+	42+	52+	39+	33	=660

Tablica kosztów
 \	15	19	13	18	
20	3	6	8	4	
28	6	1	2	5	
17	7	8	3	9	

Tablica przewozów
Optymalne rozwiązanie
 \	15	19	13	18	
20	15	5	0	0	
28	0	14	13	1	
17	0	0	0	17	
Funkcja oceny: 273
 indexu = 6
Osobnik nr 5
 \	1.	2.	3.	4.	5.	6.	7.	8.	9.	10.	11.	12.	
1.	11	7	4	10	8	6	1	3	9	5	0	2		66+
2.	11	0	9	7	4	8	1	5	3	6	10	2		66+
3.	11	8	2	6	5	10	7	9	3	0	4	1		66+
4.	9	8	10	6	0	7	2	3	1	11	4	5		66+
5.	5	11	9	3	4	7	6	1	2	10	8	0		66+
6.	9	8	10	6	0	7	2	3	1	11	4	5		66+
7.	11	8	2	6	5	10	7	9	3	0	4	1		66+
8.	11	7	4	10	8	6	1	3	9	5	0	2		66+
9.	7	10	1	2	11	5	6	3	8	4	0	9		66+
10.	8	2	4	1	11	7	10	9	3	0	5	6		66+
														=660
	93+	69+	55+	57+	56+	73+	43+	48+	42+	52+	39+	33	=660

Tablica kosztów
 \	15	19	13	18	
20	3	6	8	4	
28	6	1	2	5	
17	7	8	3	9	

Tablica przewozów
Optymalne rozwiązanie
 \	15	19	13	18	
20	15	5	0	0	
28	0	14	13	1	
17	0	0	0	17	
Funkcja oceny: 273
 indexu = 1
Osobnik nr 6
 \	1.	2.	3.	4.	5.	6.	7.	8.	9.	10.	11.	12.	
1.	11	7	4	10	8	6	1	3	9	5	0	2		66+
2.	11	0	9	7	4	8	1	5	3	6	10	2		66+
3.	11	8	2	6	5	10	7	9	3	0	4	1		66+
4.	11	7	4	10	8	6	1	3	9	5	0	2		66+
5.	9	8	10	6	0	7	2	3	1	11	4	5		66+
6.	5	11	9	3	4	7	6	1	2	10	8	0		66+
7.	11	8	2	6	5	10	7	9	3	0	4	1		66+
8.	7	10	1	2	11	5	6	3	8	4	0	9		66+
9.	9	8	10	6	0	7	2	3	1	11	4	5		66+
10.	8	2	4	1	11	7	10	9	3	0	5	6		66+
														=660
	93+	69+	55+	57+	56+	73+	43+	48+	42+	52+	39+	33	=660

Tablica kosztów
 \	15	19	13	18	
20	3	6	8	4	
28	6	1	2	5	
17	7	8	3	9	

Tablica przewozów
Optymalne rozwiązanie
 \	15	19	13	18	
20	15	5	0	0	
28	0	14	13	1	
17	0	0	0	17	
Funkcja oceny: 273
 indexu = 1
Osobnik nr 7
 \	1.	2.	3.	4.	5.	6.	7.	8.	9.	10.	11.	12.	
1.	8	2	4	1	11	7	10	9	3	0	5	6		66+
2.	11	8	2	6	5	10	7	9	3	0	4	1		66+
3.	11	0	9	7	4	8	1	5	3	6	10	2		66+
4.	7	10	1	2	11	5	6	3	8	4	0	9		66+
5.	5	11	9	3	4	7	6	1	2	10	8	0		66+
6.	9	8	10	6	0	7	2	3	1	11	4	5		66+
7.	11	7	4	10	8	6	1	3	9	5	0	2		66+
8.	9	8	10	6	0	7	2	3	1	11	4	5		66+
9.	11	8	2	6	5	10	7	9	3	0	4	1		66+
10.	11	7	4	10	8	6	1	3	9	5	0	2		66+
														=660
	93+	69+	55+	57+	56+	73+	43+	48+	42+	52+	39+	33	=660

Tablica kosztów
 \	15	19	13	18	
20	3	6	8	4	
28	6	1	2	5	
17	7	8	3	9	

Tablica przewozów
Optymalne rozwiązanie
 \	15	19	13	18	
20	15	5	0	0	
28	0	14	13	1	
17	0	0	0	17	
Funkcja oceny: 273
 indexu = 2
Osobnik nr 8
 \	1.	2.	3.	4.	5.	6.	7.	8.	9.	10.	11.	12.	
1.	9	8	10	6	0	7	2	3	1	11	4	5		66+
2.	11	7	4	10	8	6	1	3	9	5	0	2		66+
3.	7	10	1	2	11	5	6	3	8	4	0	9		66+
4.	11	8	2	6	5	10	7	9	3	0	4	1		66+
5.	11	8	2	6	5	10	7	9	3	0	4	1		66+
6.	5	11	9	3	4	7	6	1	2	10	8	0		66+
7.	9	8	10	6	0	7	2	3	1	11	4	5		66+
8.	8	2	4	1	11	7	10	9	3	0	5	6		66+
9.	11	0	9	7	4	8	1	5	3	6	10	2		66+
10.	11	7	4	10	8	6	1	3	9	5	0	2		66+
														=660
	93+	69+	55+	57+	56+	73+	43+	48+	42+	52+	39+	33	=660

Tablica kosztów
 \	15	19	13	18	
20	3	6	8	4	
28	6	1	2	5	
17	7	8	3	9	

Tablica przewozów
Optymalne rozwiązanie
 \	15	19	13	18	
20	15	5	0	0	
28	0	14	13	1	
17	0	0	0	17	
Funkcja oceny: 273
 indexu = 8
Osobnik nr 9
 \	1.	2.	3.	4.	5.	6.	7.	8.	9.	10.	11.	12.	
1.	11	7	4	10	8	6	1	3	9	5	0	2		66+
2.	7	10	1	2	11	5	6	3	8	4	0	9		66+
3.	9	8	10	6	0	7	2	3	1	11	4	5		66+
4.	8	2	4	1	11	7	10	9	3	0	5	6		66+
5.	11	7	4	10	8	6	1	3	9	5	0	2		66+
6.	11	8	2	6	5	10	7	9	3	0	4	1		66+
7.	11	8	2	6	5	10	7	9	3	0	4	1		66+
8.	9	8	10	6	0	7	2	3	1	11	4	5		66+
9.	11	0	9	7	4	8	1	5	3	6	10	2		66+
10.	5	11	9	3	4	7	6	1	2	10	8	0		66+
														=660
	93+	69+	55+	57+	56+	73+	43+	48+	42+	52+	39+	33	=660

Tablica kosztów
 \	15	19	13	18	
20	3	6	8	4	
28	6	1	2	5	
17	7	8	3	9	

Tablica przewozów
Optymalne rozwiązanie
 \	15	19	13	18	
20	15	5	0	0	
28	0	14	13	1	
17	0	0	0	17	
Funkcja oceny: 273
 indexu = 8
Osobnik nr 10
 \	1.	2.	3.	4.	5.	6.	7.	8.	9.	10.	11.	12.	
1.	5	11	9	3	4	7	6	1	2	10	8	0		66+
2.	11	8	2	6	5	10	7	9	3	0	4	1		66+
3.	11	7	4	10	8	6	1	3	9	5	0	2		66+
4.	7	10	1	2	11	5	6	3	8	4	0	9		66+
5.	9	8	10	6	0	7	2	3	1	11	4	5		66+
6.	11	7	4	10	8	6	1	3	9	5	0	2		66+
7.	11	8	2	6	5	10	7	9	3	0	4	1		66+
8.	9	8	10	6	0	7	2	3	1	11	4	5		66+
9.	11	0	9	7	4	8	1	5	3	6	10	2		66+
10.	8	2	4	1	11	7	10	9	3	0	5	6		66+
														=660
	93+	69+	55+	57+	56+	73+	43+	48+	42+	52+	39+	33	=660

Tablica kosztów
 \	15	19	13	18	
20	3	6	8	4	
28	6	1	2	5	
17	7	8	3	9	

Tablica przewozów
Optymalne rozwiązanie
 \	15	19	13	18	
20	15	5	0	0	
28	0	14	13	1	
17	0	0	0	17	
Funkcja oceny: 273
 indexu = 8
Osobnik nr 11
 \	1.	2.	3.	4.	5.	6.	7.	8.	9.	10.	11.	12.	
1.	9	8	10	6	0	7	2	3	1	11	4	5		66+
2.	11	7	4	10	8	6	1	3	9	5	0	2		66+
3.	11	8	2	6	5	10	7	9	3	0	4	1		66+
4.	11	7	4	10	8	6	1	3	9	5	0	2		66+
5.	11	0	9	7	4	8	1	5	3	6	10	2		66+
6.	7	10	1	2	11	5	6	3	8	4	0	9		66+
7.	9	8	10	6	0	7	2	3	1	11	4	5		66+
8.	8	2	4	1	11	7	10	9	3	0	5	6		66+
9.	11	8	2	6	5	10	7	9	3	0	4	1		66+
10.	5	11	9	3	4	7	6	1	2	10	8	0		66+
														=660
	93+	69+	55+	57+	56+	73+	43+	48+	42+	52+	39+	33	=660

Tablica kosztów
 \	15	19	13	18	
20	3	6	8	4	
28	6	1	2	5	
17	7	8	3	9	

Tablica przewozów
Optymalne rozwiązanie
 \	15	19	13	18	
20	15	5	0	0	
28	0	14	13	1	
17	0	0	0	17	
Funkcja oceny: 273
 indexu = 4
Osobnik nr 12
 \	1.	2.	3.	4.	5.	6.	7.	8.	9.	10.	11.	12.	
1.	11	7	4	10	8	6	1	3	9	5	0	2		66+
2.	11	7	4	10	8	6	1	3	9	5	0	2		66+
3.	9	8	10	6	0	7	2	3	1	11	4	5		66+
4.	11	8	2	6	5	10	7	9	3	0	4	1		66+
5.	11	8	2	6	5	10	7	9	3	0	4	1		66+
6.	11	0	9	7	4	8	1	5	3	6	10	2		66+
7.	7	10	1	2	11	5	6	3	8	4	0	9		66+
8.	5	11	9	3	4	7	6	1	2	10	8	0		66+
9.	8	2	4	1	11	7	10	9	3	0	5	6		66+
10.	9	8	10	6	0	7	2	3	1	11	4	5		66+
														=660
	93+	69+	55+	57+	56+	73+	43+	48+	42+	52+	39+	33	=660

Tablica kosztów
 \	15	19	13	18	
20	3	6	8	4	
28	6	1	2	5	
17	7	8	3	9	

Tablica przewozów
Optymalne rozwiązanie
 \	15	19	13	18	
20	15	5	0	0	
28	0	14	13	1	
17	0	0	0	17	
Funkcja oceny: 273
 indexu = 5
Osobnik nr 13
 \	1.	2.	3.	4.	5.	6.	7.	8.	9.	10.	11.	12.	
1.	11	8	2	6	5	10	7	9	3	0	4	1		66+
2.	5	11	9	3	4	7	6	1	2	10	8	0		66+
3.	11	7	4	10	8	6	1	3	9	5	0	2		66+
4.	11	0	9	7	4	8	1	5	3	6	10	2		66+
5.	8	2	4	1	11	7	10	9	3	0	5	6		66+
6.	11	8	2	6	5	10	7	9	3	0	4	1		66+
7.	9	8	10	6	0	7	2	3	1	11	4	5		66+
8.	7	10	1	2	11	5	6	3	8	4	0	9		66+
9.	11	7	4	10	8	6	1	3	9	5	0	2		66+
10.	9	8	10	6	0	7	2	3	1	11	4	5		66+
														=660
	93+	69+	55+	57+	56+	73+	43+	48+	42+	52+	39+	33	=660

Tablica kosztów
 \	15	19	13	18	
20	3	6	8	4	
28	6	1	2	5	
17	7	8	3	9	

Tablica przewozów
Optymalne rozwiązanie
 \	15	19	13	18	
20	15	5	0	0	
28	0	14	13	1	
17	0	0	0	17	
Funkcja oceny: 273
 indexu = 3
Osobnik nr 14
 \	1.	2.	3.	4.	5.	6.	7.	8.	9.	10.	11.	12.	
1.	5	11	9	3	4	7	6	1	2	10	8	0		66+
2.	8	2	4	1	11	7	10	9	3	0	5	6		66+
3.	9	8	10	6	0	7	2	3	1	11	4	5		66+
4.	7	10	1	2	11	5	6	3	8	4	0	9		66+
5.	11	0	9	7	4	8	1	5	3	6	10	2		66+
6.	9	8	10	6	0	7	2	3	1	11	4	5		66+
7.	11	8	2	6	5	10	7	9	3	0	4	1		66+
8.	11	7	4	10	8	6	1	3	9	5	0	2		66+
9.	11	7	4	10	8	6	1	3	9	5	0	2		66+
10.	11	8	2	6	5	10	7	9	3	0	4	1		66+
														=660
	93+	69+	55+	57+	56+	73+	43+	48+	42+	52+	39+	33	=660

Tablica kosztów
 \	15	19	13	18	
20	3	6	8	4	
28	6	1	2	5	
17	7	8	3	9	

Tablica przewozów
Optymalne rozwiązanie
 \	15	19	13	18	
20	15	5	0	0	
28	0	14	13	1	
17	0	0	0	17	
Funkcja oceny: 273
 indexu = 4
Osobnik nr 15
 \	1.	2.	3.	4.	5.	6.	7.	8.	9.	10.	11.	12.	
1.	11	7	4	10	8	6	1	3	9	5	0	2		66+
2.	9	8	10	6	0	7	2	3	1	11	4	5		66+
3.	5	11	9	3	4	7	6	1	2	10	8	0		66+
4.	7	10	1	2	11	5	6	3	8	4	0	9		66+
5.	11	8	2	6	5	10	7	9	3	0	4	1		66+
6.	11	0	9	7	4	8	1	5	3	6	10	2		66+
7.	9	8	10	6	0	7	2	3	1	11	4	5		66+
8.	11	7	4	10	8	6	1	3	9	5	0	2		66+
9.	8	2	4	1	11	7	10	9	3	0	5	6		66+
10.	11	8	2	6	5	10	7	9	3	0	4	1		66+
														=660
	93+	69+	55+	57+	56+	73+	43+	48+	42+	52+	39+	33	=660

Tablica kosztów
 \	15	19	13	18	
20	3	6	8	4	
28	6	1	2	5	
17	7	8	3	9	

Tablica przewozów
Optymalne rozwiązanie
 \	15	19	13	18	
20	15	5	0	0	
28	0	14	13	1	
17	0	0	0	17	
Funkcja oceny: 273
 indexu = 5
Osobnik nr 16
 \	1.	2.	3.	4.	5.	6.	7.	8.	9.	10.	11.	12.	
1.	11	8	2	6	5	10	7	9	3	0	4	1		66+
2.	9	8	10	6	0	7	2	3	1	11	4	5		66+
3.	5	11	9	3	4	7	6	1	2	10	8	0		66+
4.	8	2	4	1	11	7	10	9	3	0	5	6		66+
5.	7	10	1	2	11	5	6	3	8	4	0	9		66+
6.	11	7	4	10	8	6	1	3	9	5	0	2		66+
7.	11	0	9	7	4	8	1	5	3	6	10	2		66+
8.	9	8	10	6	0	7	2	3	1	11	4	5		66+
9.	11	8	2	6	5	10	7	9	3	0	4	1		66+
10.	11	7	4	10	8	6	1	3	9	5	0	2		66+
														=660
	93+	69+	55+	57+	56+	73+	43+	48+	42+	52+	39+	33	=660

Tablica kosztów
 \	15	19	13	18	
20	3	6	8	4	
28	6	1	2	5	
17	7	8	3	9	

Tablica przewozów
Optymalne rozwiązanie
 \	15	19	13	18	
20	15	5	0	0	
28	0	14	13	1	
17	0	0	0	17	
Funkcja oceny: 273
 indexu = 6
Osobnik nr 17
 \	1.	2.	3.	4.	5.	6.	7.	8.	9.	10.	11.	12.	
1.	11	7	4	10	8	6	1	3	9	5	0	2		66+
2.	9	8	10	6	0	7	2	3	1	11	4	5		66+
3.	11	8	2	6	5	10	7	9	3	0	4	1		66+
4.	11	0	9	7	4	8	1	5	3	6	10	2		66+
5.	11	7	4	10	8	6	1	3	9	5	0	2		66+
6.	9	8	10	6	0	7	2	3	1	11	4	5		66+
7.	8	2	4	1	11	7	10	9	3	0	5	6		66+
8.	7	10	1	2	11	5	6	3	8	4	0	9		66+
9.	5	11	9	3	4	7	6	1	2	10	8	0		66+
10.	11	8	2	6	5	10	7	9	3	0	4	1		66+
														=660
	93+	69+	55+	57+	56+	73+	43+	48+	42+	52+	39+	33	=660

Tablica kosztów
 \	15	19	13	18	
20	3	6	8	4	
28	6	1	2	5	
17	7	8	3	9	

Tablica przewozów
Optymalne rozwiązanie
 \	15	19	13	18	
20	15	5	0	0	
28	0	14	13	1	
17	0	0	0	17	
Funkcja oceny: 273
 indexu = 3
Osobnik nr 18
 \	1.	2.	3.	4.	5.	6.	7.	8.	9.	10.	11.	12.	
1.	8	2	4	1	11	7	10	9	3	0	5	6		66+
2.	11	7	4	10	8	6	1	3	9	5	0	2		66+
3.	7	10	1	2	11	5	6	3	8	4	0	9		66+
4.	11	0	9	7	4	8	1	5	3	6	10	2		66+
5.	11	8	2	6	5	10	7	9	3	0	4	1		66+
6.	11	8	2	6	5	10	7	9	3	0	4	1		66+
7.	9	8	10	6	0	7	2	3	1	11	4	5		66+
8.	11	7	4	10	8	6	1	3	9	5	0	2		66+
9.	5	11	9	3	4	7	6	1	2	10	8	0		66+
10.	9	8	10	6	0	7	2	3	1	11	4	5		66+
														=660
	93+	69+	55+	57+	56+	73+	43+	48+	42+	52+	39+	33	=660

Tablica kosztów
 \	15	19	13	18	
20	3	6	8	4	
28	6	1	2	5	
17	7	8	3	9	

Tablica przewozów
Optymalne rozwiązanie
 \	15	19	13	18	
20	15	5	0	0	
28	0	14	13	1	
17	0	0	0	17	
Funkcja oceny: 273
 indexu = 3
Osobnik nr 19
 \	1.	2.	3.	4.	5.	6.	7.	8.	9.	10.	11.	12.	
1.	11	7	4	10	8	6	1	3	9	5	0	2		66+
2.	11	8	2	6	5	10	7	9	3	0	4	1		66+
3.	9	8	10	6	0	7	2	3	1	11	4	5		66+
4.	11	7	4	10	8	6	1	3	9	5	0	2		66+
5.	7	10	1	2	11	5	6	3	8	4	0	9		66+
6.	5	11	9	3	4	7	6	1	2	10	8	0		66+
7.	9	8	10	6	0	7	2	3	1	11	4	5		66+
8.	11	0	9	7	4	8	1	5	3	6	10	2		66+
9.	11	8	2	6	5	10	7	9	3	0	4	1		66+
10.	8	2	4	1	11	7	10	9	3	0	5	6		66+
														=660
	93+	69+	55+	57+	56+	73+	43+	48+	42+	52+	39+	33	=660

Tablica kosztów
 \	15	19	13	18	
20	3	6	8	4	
28	6	1	2	5	
17	7	8	3	9	

Tablica przewozów
Optymalne rozwiązanie
 \	15	19	13	18	
20	15	5	0	0	
28	0	14	13	1	
17	0	0	0	17	
Funkcja oceny: 273
 indexu = 7
Osobnik nr 20
 \	1.	2.	3.	4.	5.	6.	7.	8.	9.	10.	11.	12.	
1.	11	8	2	6	5	10	7	9	3	0	4	1		66+
2.	11	0	9	7	4	8	1	5	3	6	10	2		66+
3.	9	8	10	6	0	7	2	3	1	11	4	5		66+
4.	9	8	10	6	0	7	2	3	1	11	4	5		66+
5.	5	11	9	3	4	7	6	1	2	10	8	0		66+
6.	8	2	4	1	11	7	10	9	3	0	5	6		66+
7.	11	7	4	10	8	6	1	3	9	5	0	2		66+
8.	11	8	2	6	5	10	7	9	3	0	4	1		66+
9.	11	7	4	10	8	6	1	3	9	5	0	2		66+
10.	7	10	1	2	11	5	6	3	8	4	0	9		66+
														=660
	93+	69+	55+	57+	56+	73+	43+	48+	42+	52+	39+	33	=660

Tablica kosztów
 \	15	19	13	18	
20	3	6	8	4	
28	6	1	2	5	
17	7	8	3	9	

Tablica przewozów
Optymalne rozwiązanie
 \	15	19	13	18	
20	15	5	0	0	
28	0	14	13	1	
17	0	0	0	17	
Funkcja oceny: 273
 indexu = 1
Osobnik nr 21
 \	1.	2.	3.	4.	5.	6.	7.	8.	9.	10.	11.	12.	
1.	11	0	9	7	4	8	1	5	3	6	10	2		66+
2.	9	8	10	6	0	7	2	3	1	11	4	5		66+
3.	11	7	4	10	8	6	1	3	9	5	0	2		66+
4.	11	8	2	6	5	10	7	9	3	0	4	1		66+
5.	9	8	10	6	0	7	2	3	1	11	4	5		66+
6.	11	8	2	6	5	10	7	9	3	0	4	1		66+
7.	7	10	1	2	11	5	6	3	8	4	0	9		66+
8.	5	11	9	3	4	7	6	1	2	10	8	0		66+
9.	8	2	4	1	11	7	10	9	3	0	5	6		66+
10.	11	7	4	10	8	6	1	3	9	5	0	2		66+
														=660
	93+	69+	55+	57+	56+	73+	43+	48+	42+	52+	39+	33	=660

Tablica kosztów
 \	15	19	13	18	
20	3	6	8	4	
28	6	1	2	5	
17	7	8	3	9	

Tablica przewozów
Optymalne rozwiązanie
 \	15	19	13	18	
20	15	5	0	0	
28	0	14	13	1	
17	0	0	0	17	
Funkcja oceny: 273
 indexu = 0
Osobnik nr 22
 \	1.	2.	3.	4.	5.	6.	7.	8.	9.	10.	11.	12.	
1.	5	11	9	3	4	7	6	1	2	10	8	0		66+
2.	9	8	10	6	0	7	2	3	1	11	4	5		66+
3.	11	8	2	6	5	10	7	9	3	0	4	1		66+
4.	11	7	4	10	8	6	1	3	9	5	0	2		66+
5.	11	8	2	6	5	10	7	9	3	0	4	1		66+
6.	11	7	4	10	8	6	1	3	9	5	0	2		66+
7.	8	2	4	1	11	7	10	9	3	0	5	6		66+
8.	7	10	1	2	11	5	6	3	8	4	0	9		66+
9.	11	0	9	7	4	8	1	5	3	6	10	2		66+
10.	9	8	10	6	0	7	2	3	1	11	4	5		66+
														=660
	93+	69+	55+	57+	56+	73+	43+	48+	42+	52+	39+	33	=660

Tablica kosztów
 \	15	19	13	18	
20	3	6	8	4	
28	6	1	2	5	
17	7	8	3	9	

Tablica przewozów
Optymalne rozwiązanie
 \	15	19	13	18	
20	15	5	0	0	
28	0	14	13	1	
17	0	0	0	17	
Funkcja oceny: 273
 indexu = 8
Osobnik nr 23
 \	1.	2.	3.	4.	5.	6.	7.	8.	9.	10.	11.	12.	
1.	11	8	2	6	5	10	7	9	3	0	4	1		66+
2.	7	10	1	2	11	5	6	3	8	4	0	9		66+
3.	8	2	4	1	11	7	10	9	3	0	5	6		66+
4.	9	8	10	6	0	7	2	3	1	11	4	5		66+
5.	9	8	10	6	0	7	2	3	1	11	4	5		66+
6.	11	7	4	10	8	6	1	3	9	5	0	2		66+
7.	5	11	9	3	4	7	6	1	2	10	8	0		66+
8.	11	0	9	7	4	8	1	5	3	6	10	2		66+
9.	11	8	2	6	5	10	7	9	3	0	4	1		66+
10.	11	7	4	10	8	6	1	3	9	5	0	2		66+
														=660
	93+	69+	55+	57+	56+	73+	43+	48+	42+	52+	39+	33	=660

Tablica kosztów
 \	15	19	13	18	
20	3	6	8	4	
28	6	1	2	5	
17	7	8	3	9	

Tablica przewozów
Optymalne rozwiązanie
 \	15	19	13	18	
20	15	5	0	0	
28	0	14	13	1	
17	0	0	0	17	
Funkcja oceny: 273
 indexu = 7
Osobnik nr 24
 \	1.	2.	3.	4.	5.	6.	7.	8.	9.	10.	11.	12.	
1.	5	11	9	3	4	7	6	1	2	10	8	0		66+
2.	8	2	4	1	11	7	10	9	3	0	5	6		66+
3.	11	7	4	10	8	6	1	3	9	5	0	2		66+
4.	9	8	10	6	0	7	2	3	1	11	4	5		66+
5.	7	10	1	2	11	5	6	3	8	4	0	9		66+
6.	11	7	4	10	8	6	1	3	9	5	0	2		66+
7.	11	8	2	6	5	10	7	9	3	0	4	1		66+
8.	11	0	9	7	4	8	1	5	3	6	10	2		66+
9.	9	8	10	6	0	7	2	3	1	11	4	5		66+
10.	11	8	2	6	5	10	7	9	3	0	4	1		66+
														=660
	93+	69+	55+	57+	56+	73+	43+	48+	42+	52+	39+	33	=660

Tablica kosztów
 \	15	19	13	18	
20	3	6	8	4	
28	6	1	2	5	
17	7	8	3	9	

Tablica przewozów
Optymalne rozwiązanie
 \	15	19	13	18	
20	15	5	0	0	
28	0	14	13	1	
17	0	0	0	17	
Funkcja oceny: 273
 indexu = 7
Osobnik nr 25
 \	1.	2.	3.	4.	5.	6.	7.	8.	9.	10.	11.	12.	
1.	11	7	4	10	8	6	1	3	9	5	0	2		66+
2.	7	10	1	2	11	5	6	3	8	4	0	9		66+
3.	8	2	4	1	11	7	10	9	3	0	5	6		66+
4.	11	0	9	7	4	8	1	5	3	6	10	2		66+
5.	9	8	10	6	0	7	2	3	1	11	4	5		66+
6.	9	8	10	6	0	7	2	3	1	11	4	5		66+
7.	11	7	4	10	8	6	1	3	9	5	0	2		66+
8.	11	8	2	6	5	10	7	9	3	0	4	1		66+
9.	5	11	9	3	4	7	6	1	2	10	8	0		66+
10.	11	8	2	6	5	10	7	9	3	0	4	1		66+
														=660
	93+	69+	55+	57+	56+	73+	43+	48+	42+	52+	39+	33	=660

Tablica kosztów
 \	15	19	13	18	
20	3	6	8	4	
28	6	1	2	5	
17	7	8	3	9	

Tablica przewozów
Optymalne rozwiązanie
 \	15	19	13	18	
20	15	5	0	0	
28	0	14	13	1	
17	0	0	0	17	
Funkcja oceny: 273
 indexu = 3
Osobnik nr 26
 \	1.	2.	3.	4.	5.	6.	7.	8.	9.	10.	11.	12.	
1.	11	8	2	6	5	10	7	9	3	0	4	1		66+
2.	11	8	2	6	5	10	7	9	3	0	4	1		66+
3.	11	7	4	10	8	6	1	3	9	5	0	2		66+
4.	9	8	10	6	0	7	2	3	1	11	4	5		66+
5.	5	11	9	3	4	7	6	1	2	10	8	0		66+
6.	9	8	10	6	0	7	2	3	1	11	4	5		66+
7.	11	7	4	10	8	6	1	3	9	5	0	2		66+
8.	8	2	4	1	11	7	10	9	3	0	5	6		66+
9.	7	10	1	2	11	5	6	3	8	4	0	9		66+
10.	11	0	9	7	4	8	1	5	3	6	10	2		66+
														=660
	93+	69+	55+	57+	56+	73+	43+	48+	42+	52+	39+	33	=660

Tablica kosztów
 \	15	19	13	18	
20	3	6	8	4	
28	6	1	2	5	
17	7	8	3	9	

Tablica przewozów
Optymalne rozwiązanie
 \	15	19	13	18	
20	15	5	0	0	
28	0	14	13	1	
17	0	0	0	17	
Funkcja oceny: 273
 indexu = 9
Osobnik nr 27
 \	1.	2.	3.	4.	5.	6.	7.	8.	9.	10.	11.	12.	
1.	11	0	9	7	4	8	1	5	3	6	10	2		66+
2.	5	11	9	3	4	7	6	1	2	10	8	0		66+
3.	7	10	1	2	11	5	6	3	8	4	0	9		66+
4.	8	2	4	1	11	7	10	9	3	0	5	6		66+
5.	9	8	10	6	0	7	2	3	1	11	4	5		66+
6.	9	8	10	6	0	7	2	3	1	11	4	5		66+
7.	11	7	4	10	8	6	1	3	9	5	0	2		66+
8.	11	8	2	6	5	10	7	9	3	0	4	1		66+
9.	11	8	2	6	5	10	7	9	3	0	4	1		66+
10.	11	7	4	10	8	6	1	3	9	5	0	2		66+
														=660
	93+	69+	55+	57+	56+	73+	43+	48+	42+	52+	39+	33	=660

Tablica kosztów
 \	15	19	13	18	
20	3	6	8	4	
28	6	1	2	5	
17	7	8	3	9	

Tablica przewozów
Optymalne rozwiązanie
 \	15	19	13	18	
20	15	5	0	0	
28	0	14	13	1	
17	0	0	0	17	
Funkcja oceny: 273
 indexu = 0
Osobnik nr 28
 \	1.	2.	3.	4.	5.	6.	7.	8.	9.	10.	11.	12.	
1.	11	8	2	6	5	10	7	9	3	0	4	1		66+
2.	11	7	4	10	8	6	1	3	9	5	0	2		66+
3.	11	8	2	6	5	10	7	9	3	0	4	1		66+
4.	9	8	10	6	0	7	2	3	1	11	4	5		66+
5.	8	2	4	1	11	7	10	9	3	0	5	6		66+
6.	11	0	9	7	4	8	1	5	3	6	10	2		66+
7.	9	8	10	6	0	7	2	3	1	11	4	5		66+
8.	11	7	4	10	8	6	1	3	9	5	0	2		66+
9.	5	11	9	3	4	7	6	1	2	10	8	0		66+
10.	7	10	1	2	11	5	6	3	8	4	0	9		66+
														=660
	93+	69+	55+	57+	56+	73+	43+	48+	42+	52+	39+	33	=660

Tablica kosztów
 \	15	19	13	18	
20	3	6	8	4	
28	6	1	2	5	
17	7	8	3	9	

Tablica przewozów
Optymalne rozwiązanie
 \	15	19	13	18	
20	15	5	0	0	
28	0	14	13	1	
17	0	0	0	17	
Funkcja oceny: 273
 indexu = 5
Osobnik nr 29
 \	1.	2.	3.	4.	5.	6.	7.	8.	9.	10.	11.	12.	
1.	9	8	10	6	0	7	2	3	1	11	4	5		66+
2.	11	7	4	10	8	6	1	3	9	5	0	2		66+
3.	5	11	9	3	4	7	6	1	2	10	8	0		66+
4.	8	2	4	1	11	7	10	9	3	0	5	6		66+
5.	11	7	4	10	8	6	1	3	9	5	0	2		66+
6.	11	8	2	6	5	10	7	9	3	0	4	1		66+
7.	11	0	9	7	4	8	1	5	3	6	10	2		66+
8.	11	8	2	6	5	10	7	9	3	0	4	1		66+
9.	7	10	1	2	11	5	6	3	8	4	0	9		66+
10.	9	8	10	6	0	7	2	3	1	11	4	5		66+
														=660
	93+	69+	55+	57+	56+	73+	43+	48+	42+	52+	39+	33	=660

Tablica kosztów
 \	15	19	13	18	
20	3	6	8	4	
28	6	1	2	5	
17	7	8	3	9	

Tablica przewozów
Optymalne rozwiązanie
 \	15	19	13	18	
20	15	5	0	0	
28	0	14	13	1	
17	0	0	0	17	
Funkcja oceny: 273
 indexu = 6
Osobnik nr 30
 \	1.	2.	3.	4.	5.	6.	7.	8.	9.	10.	11.	12.	
1.	7	10	1	2	11	5	6	3	8	4	0	9		66+
2.	11	8	2	6	5	10	7	9	3	0	4	1		66+
3.	8	2	4	1	11	7	10	9	3	0	5	6		66+
4.	9	8	10	6	0	7	2	3	1	11	4	5		66+
5.	11	8	2	6	5	10	7	9	3	0	4	1		66+
6.	5	11	9	3	4	7	6	1	2	10	8	0		66+
7.	11	7	4	10	8	6	1	3	9	5	0	2		66+
8.	11	7	4	10	8	6	1	3	9	5	0	2		66+
9.	9	8	10	6	0	7	2	3	1	11	4	5		66+
10.	11	0	9	7	4	8	1	5	3	6	10	2		66+
														=660
	93+	69+	55+	57+	56+	73+	43+	48+	42+	52+	39+	33	=660

Tablica kosztów
 \	15	19	13	18	
20	3	6	8	4	
28	6	1	2	5	
17	7	8	3	9	

Tablica przewozów
Optymalne rozwiązanie
 \	15	19	13	18	
20	15	5	0	0	
28	0	14	13	1	
17	0	0	0	17	
Funkcja oceny: 273
 indexu = 9
Osobnik nr 31
 \	1.	2.	3.	4.	5.	6.	7.	8.	9.	10.	11.	12.	
1.	5	11	9	3	4	7	6	1	2	10	8	0		66+
2.	11	8	2	6	5	10	7	9	3	0	4	1		66+
3.	11	7	4	10	8	6	1	3	9	5	0	2		66+
4.	11	7	4	10	8	6	1	3	9	5	0	2		66+
5.	11	0	9	7	4	8	1	5	3	6	10	2		66+
6.	8	2	4	1	11	7	10	9	3	0	5	6		66+
7.	7	10	1	2	11	5	6	3	8	4	0	9		66+
8.	9	8	10	6	0	7	2	3	1	11	4	5		66+
9.	11	8	2	6	5	10	7	9	3	0	4	1		66+
10.	9	8	10	6	0	7	2	3	1	11	4	5		66+
														=660
	93+	69+	55+	57+	56+	73+	43+	48+	42+	52+	39+	33	=660

Tablica kosztów
 \	15	19	13	18	
20	3	6	8	4	
28	6	1	2	5	
17	7	8	3	9	

Tablica przewozów
Optymalne rozwiązanie
 \	15	19	13	18	
20	15	5	0	0	
28	0	14	13	1	
17	0	0	0	17	
Funkcja oceny: 273
 indexu = 4
Osobnik nr 32
 \	1.	2.	3.	4.	5.	6.	7.	8.	9.	10.	11.	12.	
1.	11	8	2	6	5	10	7	9	3	0	4	1		66+
2.	7	10	1	2	11	5	6	3	8	4	0	9		66+
3.	8	2	4	1	11	7	10	9	3	0	5	6		66+
4.	9	8	10	6	0	7	2	3	1	11	4	5		66+
5.	11	7	4	10	8	6	1	3	9	5	0	2		66+
6.	5	11	9	3	4	7	6	1	2	10	8	0		66+
7.	11	8	2	6	5	10	7	9	3	0	4	1		66+
8.	11	0	9	7	4	8	1	5	3	6	10	2		66+
9.	11	7	4	10	8	6	1	3	9	5	0	2		66+
10.	9	8	10	6	0	7	2	3	1	11	4	5		66+
														=660
	93+	69+	55+	57+	56+	73+	43+	48+	42+	52+	39+	33	=660

Tablica kosztów
 \	15	19	13	18	
20	3	6	8	4	
28	6	1	2	5	
17	7	8	3	9	

Tablica przewozów
Optymalne rozwiązanie
 \	15	19	13	18	
20	15	5	0	0	
28	0	14	13	1	
17	0	0	0	17	
Funkcja oceny: 273
 indexu = 7
Osobnik nr 33
 \	1.	2.	3.	4.	5.	6.	7.	8.	9.	10.	11.	12.	
1.	11	7	4	10	8	6	1	3	9	5	0	2		66+
2.	7	10	1	2	11	5	6	3	8	4	0	9		66+
3.	8	2	4	1	11	7	10	9	3	0	5	6		66+
4.	11	7	4	10	8	6	1	3	9	5	0	2		66+
5.	5	11	9	3	4	7	6	1	2	10	8	0		66+
6.	11	8	2	6	5	10	7	9	3	0	4	1		66+
7.	9	8	10	6	0	7	2	3	1	11	4	5		66+
8.	9	8	10	6	0	7	2	3	1	11	4	5		66+
9.	11	0	9	7	4	8	1	5	3	6	10	2		66+
10.	11	8	2	6	5	10	7	9	3	0	4	1		66+
														=660
	93+	69+	55+	57+	56+	73+	43+	48+	42+	52+	39+	33	=660

Tablica kosztów
 \	15	19	13	18	
20	3	6	8	4	
28	6	1	2	5	
17	7	8	3	9	

Tablica przewozów
Optymalne rozwiązanie
 \	15	19	13	18	
20	15	5	0	0	
28	0	14	13	1	
17	0	0	0	17	
Funkcja oceny: 273
 indexu = 8
Osobnik nr 34
 \	1.	2.	3.	4.	5.	6.	7.	8.	9.	10.	11.	12.	
1.	11	8	2	6	5	10	7	9	3	0	4	1		66+
2.	7	10	1	2	11	5	6	3	8	4	0	9		66+
3.	11	7	4	10	8	6	1	3	9	5	0	2		66+
4.	5	11	9	3	4	7	6	1	2	10	8	0		66+
5.	9	8	10	6	0	7	2	3	1	11	4	5		66+
6.	11	7	4	10	8	6	1	3	9	5	0	2		66+
7.	11	0	9	7	4	8	1	5	3	6	10	2		66+
8.	9	8	10	6	0	7	2	3	1	11	4	5		66+
9.	11	8	2	6	5	10	7	9	3	0	4	1		66+
10.	8	2	4	1	11	7	10	9	3	0	5	6		66+
														=660
	93+	69+	55+	57+	56+	73+	43+	48+	42+	52+	39+	33	=660

Tablica kosztów
 \	15	19	13	18	
20	3	6	8	4	
28	6	1	2	5	
17	7	8	3	9	

Tablica przewozów
Optymalne rozwiązanie
 \	15	19	13	18	
20	15	5	0	0	
28	0	14	13	1	
17	0	0	0	17	
Funkcja oceny: 273
 indexu = 6
Osobnik nr 35
 \	1.	2.	3.	4.	5.	6.	7.	8.	9.	10.	11.	12.	
1.	7	10	1	2	11	5	6	3	8	4	0	9		66+
2.	11	0	9	7	4	8	1	5	3	6	10	2		66+
3.	8	2	4	1	11	7	10	9	3	0	5	6		66+
4.	11	7	4	10	8	6	1	3	9	5	0	2		66+
5.	9	8	10	6	0	7	2	3	1	11	4	5		66+
6.	11	8	2	6	5	10	7	9	3	0	4	1		66+
7.	11	8	2	6	5	10	7	9	3	0	4	1		66+
8.	9	8	10	6	0	7	2	3	1	11	4	5		66+
9.	5	11	9	3	4	7	6	1	2	10	8	0		66+
10.	11	7	4	10	8	6	1	3	9	5	0	2		66+
														=660
	93+	69+	55+	57+	56+	73+	43+	48+	42+	52+	39+	33	=660

Tablica kosztów
 \	15	19	13	18	
20	3	6	8	4	
28	6	1	2	5	
17	7	8	3	9	

Tablica przewozów
Optymalne rozwiązanie
 \	15	19	13	18	
20	15	5	0	0	
28	0	14	13	1	
17	0	0	0	17	
Funkcja oceny: 273
 indexu = 1
Osobnik nr 36
 \	1.	2.	3.	4.	5.	6.	7.	8.	9.	10.	11.	12.	
1.	11	8	2	6	5	10	7	9	3	0	4	1		66+
2.	9	8	10	6	0	7	2	3	1	11	4	5		66+
3.	8	2	4	1	11	7	10	9	3	0	5	6		66+
4.	7	10	1	2	11	5	6	3	8	4	0	9		66+
5.	5	11	9	3	4	7	6	1	2	10	8	0		66+
6.	11	8	2	6	5	10	7	9	3	0	4	1		66+
7.	11	7	4	10	8	6	1	3	9	5	0	2		66+
8.	9	8	10	6	0	7	2	3	1	11	4	5		66+
9.	11	7	4	10	8	6	1	3	9	5	0	2		66+
10.	11	0	9	7	4	8	1	5	3	6	10	2		66+
														=660
	93+	69+	55+	57+	56+	73+	43+	48+	42+	52+	39+	33	=660

Tablica kosztów
 \	15	19	13	18	
20	3	6	8	4	
28	6	1	2	5	
17	7	8	3	9	

Tablica przewozów
Optymalne rozwiązanie
 \	15	19	13	18	
20	15	5	0	0	
28	0	14	13	1	
17	0	0	0	17	
Funkcja oceny: 273
 indexu = 9
Osobnik nr 37
 \	1.	2.	3.	4.	5.	6.	7.	8.	9.	10.	11.	12.	
1.	9	8	10	6	0	7	2	3	1	11	4	5		66+
2.	7	10	1	2	11	5	6	3	8	4	0	9		66+
3.	11	8	2	6	5	10	7	9	3	0	4	1		66+
4.	11	8	2	6	5	10	7	9	3	0	4	1		66+
5.	5	11	9	3	4	7	6	1	2	10	8	0		66+
6.	11	7	4	10	8	6	1	3	9	5	0	2		66+
7.	8	2	4	1	11	7	10	9	3	0	5	6		66+
8.	11	7	4	10	8	6	1	3	9	5	0	2		66+
9.	11	0	9	7	4	8	1	5	3	6	10	2		66+
10.	9	8	10	6	0	7	2	3	1	11	4	5		66+
														=660
	93+	69+	55+	57+	56+	73+	43+	48+	42+	52+	39+	33	=660

Tablica kosztów
 \	15	19	13	18	
20	3	6	8	4	
28	6	1	2	5	
17	7	8	3	9	

Tablica przewozów
Optymalne rozwiązanie
 \	15	19	13	18	
20	15	5	0	0	
28	0	14	13	1	
17	0	0	0	17	
Funkcja oceny: 273
 indexu = 8
Osobnik nr 38
 \	1.	2.	3.	4.	5.	6.	7.	8.	9.	10.	11.	12.	
1.	11	7	4	10	8	6	1	3	9	5	0	2		66+
2.	9	8	10	6	0	7	2	3	1	11	4	5		66+
3.	11	8	2	6	5	10	7	9	3	0	4	1		66+
4.	7	10	1	2	11	5	6	3	8	4	0	9		66+
5.	8	2	4	1	11	7	10	9	3	0	5	6		66+
6.	5	11	9	3	4	7	6	1	2	10	8	0		66+
7.	11	0	9	7	4	8	1	5	3	6	10	2		66+
8.	11	7	4	10	8	6	1	3	9	5	0	2		66+
9.	11	8	2	6	5	10	7	9	3	0	4	1		66+
10.	9	8	10	6	0	7	2	3	1	11	4	5		66+
														=660
	93+	69+	55+	57+	56+	73+	43+	48+	42+	52+	39+	33	=660

Tablica kosztów
 \	15	19	13	18	
20	3	6	8	4	
28	6	1	2	5	
17	7	8	3	9	

Tablica przewozów
Optymalne rozwiązanie
 \	15	19	13	18	
20	15	5	0	0	
28	0	14	13	1	
17	0	0	0	17	
Funkcja oceny: 273
 indexu = 6
Osobnik nr 39
 \	1.	2.	3.	4.	5.	6.	7.	8.	9.	10.	11.	12.	
1.	11	8	2	6	5	10	7	9	3	0	4	1		66+
2.	5	11	9	3	4	7	6	1	2	10	8	0		66+
3.	9	8	10	6	0	7	2	3	1	11	4	5		66+
4.	7	10	1	2	11	5	6	3	8	4	0	9		66+
5.	11	0	9	7	4	8	1	5	3	6	10	2		66+
6.	9	8	10	6	0	7	2	3	1	11	4	5		66+
7.	11	7	4	10	8	6	1	3	9	5	0	2		66+
8.	11	8	2	6	5	10	7	9	3	0	4	1		66+
9.	8	2	4	1	11	7	10	9	3	0	5	6		66+
10.	11	7	4	10	8	6	1	3	9	5	0	2		66+
														=660
	93+	69+	55+	57+	56+	73+	43+	48+	42+	52+	39+	33	=660

Tablica kosztów
 \	15	19	13	18	
20	3	6	8	4	
28	6	1	2	5	
17	7	8	3	9	

Tablica przewozów
Optymalne rozwiązanie
 \	15	19	13	18	
20	15	5	0	0	
28	0	14	13	1	
17	0	0	0	17	
Funkcja oceny: 273
 indexu = 4
Osobnik nr 40
 \	1.	2.	3.	4.	5.	6.	7.	8.	9.	10.	11.	12.	
1.	5	11	9	3	4	7	6	1	2	10	8	0		66+
2.	9	8	10	6	0	7	2	3	1	11	4	5		66+
3.	11	8	2	6	5	10	7	9	3	0	4	1		66+
4.	11	8	2	6	5	10	7	9	3	0	4	1		66+
5.	9	8	10	6	0	7	2	3	1	11	4	5		66+
6.	7	10	1	2	11	5	6	3	8	4	0	9		66+
7.	11	7	4	10	8	6	1	3	9	5	0	2		66+
8.	11	7	4	10	8	6	1	3	9	5	0	2		66+
9.	11	0	9	7	4	8	1	5	3	6	10	2		66+
10.	8	2	4	1	11	7	10	9	3	0	5	6		66+
														=660
	93+	69+	55+	57+	56+	73+	43+	48+	42+	52+	39+	33	=660

Tablica kosztów
 \	15	19	13	18	
20	3	6	8	4	
28	6	1	2	5	
17	7	8	3	9	

Tablica przewozów
Optymalne rozwiązanie
 \	15	19	13	18	
20	15	5	0	0	
28	0	14	13	1	
17	0	0	0	17	
Funkcja oceny: 273
 indexu = 8
Osobnik nr 41
 \	1.	2.	3.	4.	5.	6.	7.	8.	9.	10.	11.	12.	
1.	11	7	4	10	8	6	1	3	9	5	0	2		66+
2.	9	8	10	6	0	7	2	3	1	11	4	5		66+
3.	8	2	4	1	11	7	10	9	3	0	5	6		66+
4.	7	10	1	2	11	5	6	3	8	4	0	9		66+
5.	11	8	2	6	5	10	7	9	3	0	4	1		66+
6.	11	8	2	6	5	10	7	9	3	0	4	1		66+
7.	5	11	9	3	4	7	6	1	2	10	8	0		66+
8.	11	0	9	7	4	8	1	5	3	6	10	2		66+
9.	9	8	10	6	0	7	2	3	1	11	4	5		66+
10.	11	7	4	10	8	6	1	3	9	5	0	2		66+
														=660
	93+	69+	55+	57+	56+	73+	43+	48+	42+	52+	39+	33	=660

Tablica kosztów
 \	15	19	13	18	
20	3	6	8	4	
28	6	1	2	5	
17	7	8	3	9	

Tablica przewozów
Optymalne rozwiązanie
 \	15	19	13	18	
20	15	5	0	0	
28	0	14	13	1	
17	0	0	0	17	
Funkcja oceny: 273
 indexu = 7
Osobnik nr 42
 \	1.	2.	3.	4.	5.	6.	7.	8.	9.	10.	11.	12.	
1.	11	7	4	10	8	6	1	3	9	5	0	2		66+
2.	9	8	10	6	0	7	2	3	1	11	4	5		66+
3.	11	8	2	6	5	10	7	9	3	0	4	1		66+
4.	7	10	1	2	11	5	6	3	8	4	0	9		66+
5.	9	8	10	6	0	7	2	3	1	11	4	5		66+
6.	11	0	9	7	4	8	1	5	3	6	10	2		66+
7.	8	2	4	1	11	7	10	9	3	0	5	6		66+
8.	5	11	9	3	4	7	6	1	2	10	8	0		66+
9.	11	8	2	6	5	10	7	9	3	0	4	1		66+
10.	11	7	4	10	8	6	1	3	9	5	0	2		66+
														=660
	93+	69+	55+	57+	56+	73+	43+	48+	42+	52+	39+	33	=660

Tablica kosztów
 \	15	19	13	18	
20	3	6	8	4	
28	6	1	2	5	
17	7	8	3	9	

Tablica przewozów
Optymalne rozwiązanie
 \	15	19	13	18	
20	15	5	0	0	
28	0	14	13	1	
17	0	0	0	17	
Funkcja oceny: 273
 indexu = 5
Osobnik nr 43
 \	1.	2.	3.	4.	5.	6.	7.	8.	9.	10.	11.	12.	
1.	8	2	4	1	11	7	10	9	3	0	5	6		66+
2.	11	0	9	7	4	8	1	5	3	6	10	2		66+
3.	9	8	10	6	0	7	2	3	1	11	4	5		66+
4.	9	8	10	6	0	7	2	3	1	11	4	5		66+
5.	7	10	1	2	11	5	6	3	8	4	0	9		66+
6.	11	7	4	10	8	6	1	3	9	5	0	2		66+
7.	11	8	2	6	5	10	7	9	3	0	4	1		66+
8.	11	7	4	10	8	6	1	3	9	5	0	2		66+
9.	11	8	2	6	5	10	7	9	3	0	4	1		66+
10.	5	11	9	3	4	7	6	1	2	10	8	0		66+
														=660
	93+	69+	55+	57+	56+	73+	43+	48+	42+	52+	39+	33	=660

Tablica kosztów
 \	15	19	13	18	
20	3	6	8	4	
28	6	1	2	5	
17	7	8	3	9	

Tablica przewozów
Optymalne rozwiązanie
 \	15	19	13	18	
20	15	5	0	0	
28	0	14	13	1	
17	0	0	0	17	
Funkcja oceny: 273
 indexu = 1
Osobnik nr 44
 \	1.	2.	3.	4.	5.	6.	7.	8.	9.	10.	11.	12.	
1.	8	2	4	1	11	7	10	9	3	0	5	6		66+
2.	9	8	10	6	0	7	2	3	1	11	4	5		66+
3.	5	11	9	3	4	7	6	1	2	10	8	0		66+
4.	11	8	2	6	5	10	7	9	3	0	4	1		66+
5.	11	0	9	7	4	8	1	5	3	6	10	2		66+
6.	7	10	1	2	11	5	6	3	8	4	0	9		66+
7.	11	8	2	6	5	10	7	9	3	0	4	1		66+
8.	9	8	10	6	0	7	2	3	1	11	4	5		66+
9.	11	7	4	10	8	6	1	3	9	5	0	2		66+
10.	11	7	4	10	8	6	1	3	9	5	0	2		66+
														=660
	93+	69+	55+	57+	56+	73+	43+	48+	42+	52+	39+	33	=660

Tablica kosztów
 \	15	19	13	18	
20	3	6	8	4	
28	6	1	2	5	
17	7	8	3	9	

Tablica przewozów
Optymalne rozwiązanie
 \	15	19	13	18	
20	15	5	0	0	
28	0	14	13	1	
17	0	0	0	17	
Funkcja oceny: 273
 indexu = 4
Osobnik nr 45
 \	1.	2.	3.	4.	5.	6.	7.	8.	9.	10.	11.	12.	
1.	8	2	4	1	11	7	10	9	3	0	5	6		66+
2.	9	8	10	6	0	7	2	3	1	11	4	5		66+
3.	11	0	9	7	4	8	1	5	3	6	10	2		66+
4.	11	8	2	6	5	10	7	9	3	0	4	1		66+
5.	7	10	1	2	11	5	6	3	8	4	0	9		66+
6.	11	8	2	6	5	10	7	9	3	0	4	1		66+
7.	11	7	4	10	8	6	1	3	9	5	0	2		66+
8.	11	7	4	10	8	6	1	3	9	5	0	2		66+
9.	5	11	9	3	4	7	6	1	2	10	8	0		66+
10.	9	8	10	6	0	7	2	3	1	11	4	5		66+
														=660
	93+	69+	55+	57+	56+	73+	43+	48+	42+	52+	39+	33	=660

Tablica kosztów
 \	15	19	13	18	
20	3	6	8	4	
28	6	1	2	5	
17	7	8	3	9	

Tablica przewozów
Optymalne rozwiązanie
 \	15	19	13	18	
20	15	5	0	0	
28	0	14	13	1	
17	0	0	0	17	
Funkcja oceny: 273
 indexu = 2
Osobnik nr 46
 \	1.	2.	3.	4.	5.	6.	7.	8.	9.	10.	11.	12.	
1.	7	10	1	2	11	5	6	3	8	4	0	9		66+
2.	11	7	4	10	8	6	1	3	9	5	0	2		66+
3.	11	7	4	10	8	6	1	3	9	5	0	2		66+
4.	9	8	10	6	0	7	2	3	1	11	4	5		66+
5.	11	8	2	6	5	10	7	9	3	0	4	1		66+
6.	11	8	2	6	5	10	7	9	3	0	4	1		66+
7.	9	8	10	6	0	7	2	3	1	11	4	5		66+
8.	11	0	9	7	4	8	1	5	3	6	10	2		66+
9.	5	11	9	3	4	7	6	1	2	10	8	0		66+
10.	8	2	4	1	11	7	10	9	3	0	5	6		66+
														=660
	93+	69+	55+	57+	56+	73+	43+	48+	42+	52+	39+	33	=660

Tablica kosztów
 \	15	19	13	18	
20	3	6	8	4	
28	6	1	2	5	
17	7	8	3	9	

Tablica przewozów
Optymalne rozwiązanie
 \	15	19	13	18	
20	15	5	0	0	
28	0	14	13	1	
17	0	0	0	17	
Funkcja oceny: 273
 indexu = 7
Osobnik nr 47
 \	1.	2.	3.	4.	5.	6.	7.	8.	9.	10.	11.	12.	
1.	11	8	2	6	5	10	7	9	3	0	4	1		66+
2.	11	7	4	10	8	6	1	3	9	5	0	2		66+
3.	7	10	1	2	11	5	6	3	8	4	0	9		66+
4.	11	0	9	7	4	8	1	5	3	6	10	2		66+
5.	11	8	2	6	5	10	7	9	3	0	4	1		66+
6.	9	8	10	6	0	7	2	3	1	11	4	5		66+
7.	11	7	4	10	8	6	1	3	9	5	0	2		66+
8.	5	11	9	3	4	7	6	1	2	10	8	0		66+
9.	8	2	4	1	11	7	10	9	3	0	5	6		66+
10.	9	8	10	6	0	7	2	3	1	11	4	5		66+
														=660
	93+	69+	55+	57+	56+	73+	43+	48+	42+	52+	39+	33	=660

Tablica kosztów
 \	15	19	13	18	
20	3	6	8	4	
28	6	1	2	5	
17	7	8	3	9	

Tablica przewozów
Optymalne rozwiązanie
 \	15	19	13	18	
20	15	5	0	0	
28	0	14	13	1	
17	0	0	0	17	
Funkcja oceny: 273
 indexu = 3
Osobnik nr 48
 \	1.	2.	3.	4.	5.	6.	7.	8.	9.	10.	11.	12.	
1.	7	10	1	2	11	5	6	3	8	4	0	9		66+
2.	11	0	9	7	4	8	1	5	3	6	10	2		66+
3.	11	8	2	6	5	10	7	9	3	0	4	1		66+
4.	11	8	2	6	5	10	7	9	3	0	4	1		66+
5.	11	7	4	10	8	6	1	3	9	5	0	2		66+
6.	9	8	10	6	0	7	2	3	1	11	4	5		66+
7.	8	2	4	1	11	7	10	9	3	0	5	6		66+
8.	5	11	9	3	4	7	6	1	2	10	8	0		66+
9.	9	8	10	6	0	7	2	3	1	11	4	5		66+
10.	11	7	4	10	8	6	1	3	9	5	0	2		66+
														=660
	93+	69+	55+	57+	56+	73+	43+	48+	42+	52+	39+	33	=660

Tablica kosztów
 \	15	19	13	18	
20	3	6	8	4	
28	6	1	2	5	
17	7	8	3	9	

Tablica przewozów
Optymalne rozwiązanie
 \	15	19	13	18	
20	15	5	0	0	
28	0	14	13	1	
17	0	0	0	17	
Funkcja oceny: 273
 indexu = 1
Osobnik nr 49
 \	1.	2.	3.	4.	5.	6.	7.	8.	9.	10.	11.	12.	
1.	8	2	4	1	11	7	10	9	3	0	5	6		66+
2.	5	11	9	3	4	7	6	1	2	10	8	0		66+
3.	11	7	4	10	8	6	1	3	9	5	0	2		66+
4.	9	8	10	6	0	7	2	3	1	11	4	5		66+
5.	11	7	4	10	8	6	1	3	9	5	0	2		66+
6.	11	8	2	6	5	10	7	9	3	0	4	1		66+
7.	11	8	2	6	5	10	7	9	3	0	4	1		66+
8.	7	10	1	2	11	5	6	3	8	4	0	9		66+
9.	11	0	9	7	4	8	1	5	3	6	10	2		66+
10.	9	8	10	6	0	7	2	3	1	11	4	5		66+
														=660
	93+	69+	55+	57+	56+	73+	43+	48+	42+	52+	39+	33	=660

Tablica kosztów
 \	15	19	13	18	
20	3	6	8	4	
28	6	1	2	5	
17	7	8	3	9	

Tablica przewozów
Optymalne rozwiązanie
 \	15	19	13	18	
20	15	5	0	0	
28	0	14	13	1	
17	0	0	0	17	
Funkcja oceny: 273
 indexu = 8
Osobnik nr 50
 \	1.	2.	3.	4.	5.	6.	7.	8.	9.	10.	11.	12.	
1.	11	8	2	6	5	10	7	9	3	0	4	1		66+
2.	5	11	9	3	4	7	6	1	2	10	8	0		66+
3.	11	7	4	10	8	6	1	3	9	5	0	2		66+
4.	8	2	4	1	11	7	10	9	3	0	5	6		66+
5.	7	10	1	2	11	5	6	3	8	4	0	9		66+
6.	11	0	9	7	4	8	1	5	3	6	10	2		66+
7.	11	8	2	6	5	10	7	9	3	0	4	1		66+
8.	11	7	4	10	8	6	1	3	9	5	0	2		66+
9.	9	8	10	6	0	7	2	3	1	11	4	5		66+
10.	9	8	10	6	0	7	2	3	1	11	4	5		66+
														=660
	93+	69+	55+	57+	56+	73+	43+	48+	42+	52+	39+	33	=660

Tablica kosztów
 \	15	19	13	18	
20	3	6	8	4	
28	6	1	2	5	
17	7	8	3	9	

Tablica przewozów
Optymalne rozwiązanie
 \	15	19	13	18	
20	15	5	0	0	
28	0	14	13	1	
17	0	0	0	17	
Funkcja oceny: 273
 indexu = 5
Osobnik nr 51
 \	1.	2.	3.	4.	5.	6.	7.	8.	9.	10.	11.	12.	
1.	9	8	10	6	0	7	2	3	1	11	4	5		66+
2.	11	8	2	6	5	10	7	9	3	0	4	1		66+
3.	9	8	10	6	0	7	2	3	1	11	4	5		66+
4.	11	7	4	10	8	6	1	3	9	5	0	2		66+
5.	11	8	2	6	5	10	7	9	3	0	4	1		66+
6.	5	11	9	3	4	7	6	1	2	10	8	0		66+
7.	11	0	9	7	4	8	1	5	3	6	10	2		66+
8.	11	7	4	10	8	6	1	3	9	5	0	2		66+
9.	7	10	1	2	11	5	6	3	8	4	0	9		66+
10.	8	2	4	1	11	7	10	9	3	0	5	6		66+
														=660
	93+	69+	55+	57+	56+	73+	43+	48+	42+	52+	39+	33	=660

Tablica kosztów
 \	15	19	13	18	
20	3	6	8	4	
28	6	1	2	5	
17	7	8	3	9	

Tablica przewozów
Optymalne rozwiązanie
 \	15	19	13	18	
20	15	5	0	0	
28	0	14	13	1	
17	0	0	0	17	
Funkcja oceny: 273
 indexu = 6
Osobnik nr 52
 \	1.	2.	3.	4.	5.	6.	7.	8.	9.	10.	11.	12.	
1.	11	8	2	6	5	10	7	9	3	0	4	1		66+
2.	5	11	9	3	4	7	6	1	2	10	8	0		66+
3.	9	8	10	6	0	7	2	3	1	11	4	5		66+
4.	11	0	9	7	4	8	1	5	3	6	10	2		66+
5.	9	8	10	6	0	7	2	3	1	11	4	5		66+
6.	8	2	4	1	11	7	10	9	3	0	5	6		66+
7.	11	7	4	10	8	6	1	3	9	5	0	2		66+
8.	7	10	1	2	11	5	6	3	8	4	0	9		66+
9.	11	8	2	6	5	10	7	9	3	0	4	1		66+
10.	11	7	4	10	8	6	1	3	9	5	0	2		66+
														=660
	93+	69+	55+	57+	56+	73+	43+	48+	42+	52+	39+	33	=660

Tablica kosztów
 \	15	19	13	18	
20	3	6	8	4	
28	6	1	2	5	
17	7	8	3	9	

Tablica przewozów
Optymalne rozwiązanie
 \	15	19	13	18	
20	15	5	0	0	
28	0	14	13	1	
17	0	0	0	17	
Funkcja oceny: 273
 indexu = 3
Osobnik nr 53
 \	1.	2.	3.	4.	5.	6.	7.	8.	9.	10.	11.	12.	
1.	11	0	9	7	4	8	1	5	3	6	10	2		66+
2.	9	8	10	6	0	7	2	3	1	11	4	5		66+
3.	9	8	10	6	0	7	2	3	1	11	4	5		66+
4.	8	2	4	1	11	7	10	9	3	0	5	6		66+
5.	11	7	4	10	8	6	1	3	9	5	0	2		66+
6.	11	8	2	6	5	10	7	9	3	0	4	1		66+
7.	7	10	1	2	11	5	6	3	8	4	0	9		66+
8.	5	11	9	3	4	7	6	1	2	10	8	0		66+
9.	11	8	2	6	5	10	7	9	3	0	4	1		66+
10.	11	7	4	10	8	6	1	3	9	5	0	2		66+
														=660
	93+	69+	55+	57+	56+	73+	43+	48+	42+	52+	39+	33	=660

Tablica kosztów
 \	15	19	13	18	
20	3	6	8	4	
28	6	1	2	5	
17	7	8	3	9	

Tablica przewozów
Optymalne rozwiązanie
 \	15	19	13	18	
20	15	5	0	0	
28	0	14	13	1	
17	0	0	0	17	
Funkcja oceny: 273
 indexu = 0
Osobnik nr 54
 \	1.	2.	3.	4.	5.	6.	7.	8.	9.	10.	11.	12.	
1.	11	8	2	6	5	10	7	9	3	0	4	1		66+
2.	5	11	9	3	4	7	6	1	2	10	8	0		66+
3.	11	7	4	10	8	6	1	3	9	5	0	2		66+
4.	11	0	9	7	4	8	1	5	3	6	10	2		66+
5.	11	8	2	6	5	10	7	9	3	0	4	1		66+
6.	8	2	4	1	11	7	10	9	3	0	5	6		66+
7.	7	10	1	2	11	5	6	3	8	4	0	9		66+
8.	11	7	4	10	8	6	1	3	9	5	0	2		66+
9.	9	8	10	6	0	7	2	3	1	11	4	5		66+
10.	9	8	10	6	0	7	2	3	1	11	4	5		66+
														=660
	93+	69+	55+	57+	56+	73+	43+	48+	42+	52+	39+	33	=660

Tablica kosztów
 \	15	19	13	18	
20	3	6	8	4	
28	6	1	2	5	
17	7	8	3	9	

Tablica przewozów
Optymalne rozwiązanie
 \	15	19	13	18	
20	15	5	0	0	
28	0	14	13	1	
17	0	0	0	17	
Funkcja oceny: 273
 indexu = 3
Osobnik nr 55
 \	1.	2.	3.	4.	5.	6.	7.	8.	9.	10.	11.	12.	
1.	5	11	9	3	4	7	6	1	2	10	8	0		66+
2.	11	7	4	10	8	6	1	3	9	5	0	2		66+
3.	11	8	2	6	5	10	7	9	3	0	4	1		66+
4.	11	7	4	10	8	6	1	3	9	5	0	2		66+
5.	9	8	10	6	0	7	2	3	1	11	4	5		66+
6.	9	8	10	6	0	7	2	3	1	11	4	5		66+
7.	11	0	9	7	4	8	1	5	3	6	10	2		66+
8.	11	8	2	6	5	10	7	9	3	0	4	1		66+
9.	8	2	4	1	11	7	10	9	3	0	5	6		66+
10.	7	10	1	2	11	5	6	3	8	4	0	9		66+
														=660
	93+	69+	55+	57+	56+	73+	43+	48+	42+	52+	39+	33	=660

Tablica kosztów
 \	15	19	13	18	
20	3	6	8	4	
28	6	1	2	5	
17	7	8	3	9	

Tablica przewozów
Optymalne rozwiązanie
 \	15	19	13	18	
20	15	5	0	0	
28	0	14	13	1	
17	0	0	0	17	
Funkcja oceny: 273
 indexu = 6
Osobnik nr 56
 \	1.	2.	3.	4.	5.	6.	7.	8.	9.	10.	11.	12.	
1.	9	8	10	6	0	7	2	3	1	11	4	5		66+
2.	11	0	9	7	4	8	1	5	3	6	10	2		66+
3.	11	7	4	10	8	6	1	3	9	5	0	2		66+
4.	8	2	4	1	11	7	10	9	3	0	5	6		66+
5.	5	11	9	3	4	7	6	1	2	10	8	0		66+
6.	7	10	1	2	11	5	6	3	8	4	0	9		66+
7.	11	7	4	10	8	6	1	3	9	5	0	2		66+
8.	9	8	10	6	0	7	2	3	1	11	4	5		66+
9.	11	8	2	6	5	10	7	9	3	0	4	1		66+
10.	11	8	2	6	5	10	7	9	3	0	4	1		66+
														=660
	93+	69+	55+	57+	56+	73+	43+	48+	42+	52+	39+	33	=660

Tablica kosztów
 \	15	19	13	18	
20	3	6	8	4	
28	6	1	2	5	
17	7	8	3	9	

Tablica przewozów
Optymalne rozwiązanie
 \	15	19	13	18	
20	15	5	0	0	
28	0	14	13	1	
17	0	0	0	17	
Funkcja oceny: 273
 indexu = 1
Osobnik nr 57
 \	1.	2.	3.	4.	5.	6.	7.	8.	9.	10.	11.	12.	
1.	9	8	10	6	0	7	2	3	1	11	4	5		66+
2.	11	7	4	10	8	6	1	3	9	5	0	2		66+
3.	11	7	4	10	8	6	1	3	9	5	0	2		66+
4.	11	0	9	7	4	8	1	5	3	6	10	2		66+
5.	11	8	2	6	5	10	7	9	3	0	4	1		66+
6.	11	8	2	6	5	10	7	9	3	0	4	1		66+
7.	8	2	4	1	11	7	10	9	3	0	5	6		66+
8.	7	10	1	2	11	5	6	3	8	4	0	9		66+
9.	5	11	9	3	4	7	6	1	2	10	8	0		66+
10.	9	8	10	6	0	7	2	3	1	11	4	5		66+
														=660
	93+	69+	55+	57+	56+	73+	43+	48+	42+	52+	39+	33	=660

Tablica kosztów
 \	15	19	13	18	
20	3	6	8	4	
28	6	1	2	5	
17	7	8	3	9	

Tablica przewozów
Optymalne rozwiązanie
 \	15	19	13	18	
20	15	5	0	0	
28	0	14	13	1	
17	0	0	0	17	
Funkcja oceny: 273
 indexu = 3
Osobnik nr 58
 \	1.	2.	3.	4.	5.	6.	7.	8.	9.	10.	11.	12.	
1.	11	8	2	6	5	10	7	9	3	0	4	1		66+
2.	9	8	10	6	0	7	2	3	1	11	4	5		66+
3.	8	2	4	1	11	7	10	9	3	0	5	6		66+
4.	11	7	4	10	8	6	1	3	9	5	0	2		66+
5.	5	11	9	3	4	7	6	1	2	10	8	0		66+
6.	9	8	10	6	0	7	2	3	1	11	4	5		66+
7.	11	8	2	6	5	10	7	9	3	0	4	1		66+
8.	11	7	4	10	8	6	1	3	9	5	0	2		66+
9.	11	0	9	7	4	8	1	5	3	6	10	2		66+
10.	7	10	1	2	11	5	6	3	8	4	0	9		66+
														=660
	93+	69+	55+	57+	56+	73+	43+	48+	42+	52+	39+	33	=660

Tablica kosztów
 \	15	19	13	18	
20	3	6	8	4	
28	6	1	2	5	
17	7	8	3	9	

Tablica przewozów
Optymalne rozwiązanie
 \	15	19	13	18	
20	15	5	0	0	
28	0	14	13	1	
17	0	0	0	17	
Funkcja oceny: 273
 indexu = 8
Osobnik nr 59
 \	1.	2.	3.	4.	5.	6.	7.	8.	9.	10.	11.	12.	
1.	11	8	2	6	5	10	7	9	3	0	4	1		66+
2.	7	10	1	2	11	5	6	3	8	4	0	9		66+
3.	11	0	9	7	4	8	1	5	3	6	10	2		66+
4.	11	8	2	6	5	10	7	9	3	0	4	1		66+
5.	8	2	4	1	11	7	10	9	3	0	5	6		66+
6.	11	7	4	10	8	6	1	3	9	5	0	2		66+
7.	9	8	10	6	0	7	2	3	1	11	4	5		66+
8.	11	7	4	10	8	6	1	3	9	5	0	2		66+
9.	9	8	10	6	0	7	2	3	1	11	4	5		66+
10.	5	11	9	3	4	7	6	1	2	10	8	0		66+
														=660
	93+	69+	55+	57+	56+	73+	43+	48+	42+	52+	39+	33	=660

Tablica kosztów
 \	15	19	13	18	
20	3	6	8	4	
28	6	1	2	5	
17	7	8	3	9	

Tablica przewozów
Optymalne rozwiązanie
 \	15	19	13	18	
20	15	5	0	0	
28	0	14	13	1	
17	0	0	0	17	
Funkcja oceny: 273
 indexu = 2
Osobnik nr 60
 \	1.	2.	3.	4.	5.	6.	7.	8.	9.	10.	11.	12.	
1.	11	0	9	7	4	8	1	5	3	6	10	2		66+
2.	11	8	2	6	5	10	7	9	3	0	4	1		66+
3.	11	7	4	10	8	6	1	3	9	5	0	2		66+
4.	11	8	2	6	5	10	7	9	3	0	4	1		66+
5.	5	11	9	3	4	7	6	1	2	10	8	0		66+
6.	7	10	1	2	11	5	6	3	8	4	0	9		66+
7.	9	8	10	6	0	7	2	3	1	11	4	5		66+
8.	11	7	4	10	8	6	1	3	9	5	0	2		66+
9.	9	8	10	6	0	7	2	3	1	11	4	5		66+
10.	8	2	4	1	11	7	10	9	3	0	5	6		66+
														=660
	93+	69+	55+	57+	56+	73+	43+	48+	42+	52+	39+	33	=660

Tablica kosztów
 \	15	19	13	18	
20	3	6	8	4	
28	6	1	2	5	
17	7	8	3	9	

Tablica przewozów
Optymalne rozwiązanie
 \	15	19	13	18	
20	15	5	0	0	
28	0	14	13	1	
17	0	0	0	17	
Funkcja oceny: 273
 indexu = 0
Osobnik nr 61
 \	1.	2.	3.	4.	5.	6.	7.	8.	9.	10.	11.	12.	
1.	5	11	9	3	4	7	6	1	2	10	8	0		66+
2.	11	7	4	10	8	6	1	3	9	5	0	2		66+
3.	9	8	10	6	0	7	2	3	1	11	4	5		66+
4.	11	7	4	10	8	6	1	3	9	5	0	2		66+
5.	9	8	10	6	0	7	2	3	1	11	4	5		66+
6.	7	10	1	2	11	5	6	3	8	4	0	9		66+
7.	8	2	4	1	11	7	10	9	3	0	5	6		66+
8.	11	8	2	6	5	10	7	9	3	0	4	1		66+
9.	11	8	2	6	5	10	7	9	3	0	4	1		66+
10.	11	0	9	7	4	8	1	5	3	6	10	2		66+
														=660
	93+	69+	55+	57+	56+	73+	43+	48+	42+	52+	39+	33	=660

Tablica kosztów
 \	15	19	13	18	
20	3	6	8	4	
28	6	1	2	5	
17	7	8	3	9	

Tablica przewozów
Optymalne rozwiązanie
 \	15	19	13	18	
20	15	5	0	0	
28	0	14	13	1	
17	0	0	0	17	
Funkcja oceny: 273
 indexu = 9
Osobnik nr 62
 \	1.	2.	3.	4.	5.	6.	7.	8.	9.	10.	11.	12.	
1.	11	8	2	6	5	10	7	9	3	0	4	1		66+
2.	8	2	4	1	11	7	10	9	3	0	5	6		66+
3.	9	8	10	6	0	7	2	3	1	11	4	5		66+
4.	11	0	9	7	4	8	1	5	3	6	10	2		66+
5.	9	8	10	6	0	7	2	3	1	11	4	5		66+
6.	7	10	1	2	11	5	6	3	8	4	0	9		66+
7.	5	11	9	3	4	7	6	1	2	10	8	0		66+
8.	11	7	4	10	8	6	1	3	9	5	0	2		66+
9.	11	7	4	10	8	6	1	3	9	5	0	2		66+
10.	11	8	2	6	5	10	7	9	3	0	4	1		66+
														=660
	93+	69+	55+	57+	56+	73+	43+	48+	42+	52+	39+	33	=660

Tablica kosztów
 \	15	19	13	18	
20	3	6	8	4	
28	6	1	2	5	
17	7	8	3	9	

Tablica przewozów
Optymalne rozwiązanie
 \	15	19	13	18	
20	15	5	0	0	
28	0	14	13	1	
17	0	0	0	17	
Funkcja oceny: 273
 indexu = 3
Osobnik nr 63
 \	1.	2.	3.	4.	5.	6.	7.	8.	9.	10.	11.	12.	
1.	11	7	4	10	8	6	1	3	9	5	0	2		66+
2.	11	8	2	6	5	10	7	9	3	0	4	1		66+
3.	11	7	4	10	8	6	1	3	9	5	0	2		66+
4.	11	0	9	7	4	8	1	5	3	6	10	2		66+
5.	5	11	9	3	4	7	6	1	2	10	8	0		66+
6.	9	8	10	6	0	7	2	3	1	11	4	5		66+
7.	7	10	1	2	11	5	6	3	8	4	0	9		66+
8.	8	2	4	1	11	7	10	9	3	0	5	6		66+
9.	11	8	2	6	5	10	7	9	3	0	4	1		66+
10.	9	8	10	6	0	7	2	3	1	11	4	5		66+
														=660
	93+	69+	55+	57+	56+	73+	43+	48+	42+	52+	39+	33	=660

Tablica kosztów
 \	15	19	13	18	
20	3	6	8	4	
28	6	1	2	5	
17	7	8	3	9	

Tablica przewozów
Optymalne rozwiązanie
 \	15	19	13	18	
20	15	5	0	0	
28	0	14	13	1	
17	0	0	0	17	
Funkcja oceny: 273
 indexu = 3
Osobnik nr 64
 \	1.	2.	3.	4.	5.	6.	7.	8.	9.	10.	11.	12.	
1.	9	8	10	6	0	7	2	3	1	11	4	5		66+
2.	11	7	4	10	8	6	1	3	9	5	0	2		66+
3.	11	0	9	7	4	8	1	5	3	6	10	2		66+
4.	8	2	4	1	11	7	10	9	3	0	5	6		66+
5.	11	7	4	10	8	6	1	3	9	5	0	2		66+
6.	9	8	10	6	0	7	2	3	1	11	4	5		66+
7.	5	11	9	3	4	7	6	1	2	10	8	0		66+
8.	11	8	2	6	5	10	7	9	3	0	4	1		66+
9.	7	10	1	2	11	5	6	3	8	4	0	9		66+
10.	11	8	2	6	5	10	7	9	3	0	4	1		66+
														=660
	93+	69+	55+	57+	56+	73+	43+	48+	42+	52+	39+	33	=660

Tablica kosztów
 \	15	19	13	18	
20	3	6	8	4	
28	6	1	2	5	
17	7	8	3	9	

Tablica przewozów
Optymalne rozwiązanie
 \	15	19	13	18	
20	15	5	0	0	
28	0	14	13	1	
17	0	0	0	17	
Funkcja oceny: 273
 indexu = 2
Osobnik nr 65
 \	1.	2.	3.	4.	5.	6.	7.	8.	9.	10.	11.	12.	
1.	5	11	9	3	4	7	6	1	2	10	8	0		66+
2.	9	8	10	6	0	7	2	3	1	11	4	5		66+
3.	11	8	2	6	5	10	7	9	3	0	4	1		66+
4.	11	8	2	6	5	10	7	9	3	0	4	1		66+
5.	11	7	4	10	8	6	1	3	9	5	0	2		66+
6.	11	7	4	10	8	6	1	3	9	5	0	2		66+
7.	7	10	1	2	11	5	6	3	8	4	0	9		66+
8.	9	8	10	6	0	7	2	3	1	11	4	5		66+
9.	11	0	9	7	4	8	1	5	3	6	10	2		66+
10.	8	2	4	1	11	7	10	9	3	0	5	6		66+
														=660
	93+	69+	55+	57+	56+	73+	43+	48+	42+	52+	39+	33	=660

Tablica kosztów
 \	15	19	13	18	
20	3	6	8	4	
28	6	1	2	5	
17	7	8	3	9	

Tablica przewozów
Optymalne rozwiązanie
 \	15	19	13	18	
20	15	5	0	0	
28	0	14	13	1	
17	0	0	0	17	
Funkcja oceny: 273
 indexu = 8
Osobnik nr 66
 \	1.	2.	3.	4.	5.	6.	7.	8.	9.	10.	11.	12.	
1.	9	8	10	6	0	7	2	3	1	11	4	5		66+
2.	7	10	1	2	11	5	6	3	8	4	0	9		66+
3.	5	11	9	3	4	7	6	1	2	10	8	0		66+
4.	11	8	2	6	5	10	7	9	3	0	4	1		66+
5.	11	0	9	7	4	8	1	5	3	6	10	2		66+
6.	8	2	4	1	11	7	10	9	3	0	5	6		66+
7.	9	8	10	6	0	7	2	3	1	11	4	5		66+
8.	11	7	4	10	8	6	1	3	9	5	0	2		66+
9.	11	8	2	6	5	10	7	9	3	0	4	1		66+
10.	11	7	4	10	8	6	1	3	9	5	0	2		66+
														=660
	93+	69+	55+	57+	56+	73+	43+	48+	42+	52+	39+	33	=660

Tablica kosztów
 \	15	19	13	18	
20	3	6	8	4	
28	6	1	2	5	
17	7	8	3	9	

Tablica przewozów
Optymalne rozwiązanie
 \	15	19	13	18	
20	15	5	0	0	
28	0	14	13	1	
17	0	0	0	17	
Funkcja oceny: 273
 indexu = 4
Osobnik nr 67
 \	1.	2.	3.	4.	5.	6.	7.	8.	9.	10.	11.	12.	
1.	11	8	2	6	5	10	7	9	3	0	4	1		66+
2.	11	0	9	7	4	8	1	5	3	6	10	2		66+
3.	5	11	9	3	4	7	6	1	2	10	8	0		66+
4.	11	7	4	10	8	6	1	3	9	5	0	2		66+
5.	11	7	4	10	8	6	1	3	9	5	0	2		66+
6.	9	8	10	6	0	7	2	3	1	11	4	5		66+
7.	7	10	1	2	11	5	6	3	8	4	0	9		66+
8.	11	8	2	6	5	10	7	9	3	0	4	1		66+
9.	8	2	4	1	11	7	10	9	3	0	5	6		66+
10.	9	8	10	6	0	7	2	3	1	11	4	5		66+
														=660
	93+	69+	55+	57+	56+	73+	43+	48+	42+	52+	39+	33	=660

Tablica kosztów
 \	15	19	13	18	
20	3	6	8	4	
28	6	1	2	5	
17	7	8	3	9	

Tablica przewozów
Optymalne rozwiązanie
 \	15	19	13	18	
20	15	5	0	0	
28	0	14	13	1	
17	0	0	0	17	
Funkcja oceny: 273
 indexu = 1
Osobnik nr 68
 \	1.	2.	3.	4.	5.	6.	7.	8.	9.	10.	11.	12.	
1.	9	8	10	6	0	7	2	3	1	11	4	5		66+
2.	11	0	9	7	4	8	1	5	3	6	10	2		66+
3.	11	8	2	6	5	10	7	9	3	0	4	1		66+
4.	8	2	4	1	11	7	10	9	3	0	5	6		66+
5.	11	8	2	6	5	10	7	9	3	0	4	1		66+
6.	5	11	9	3	4	7	6	1	2	10	8	0		66+
7.	11	7	4	10	8	6	1	3	9	5	0	2		66+
8.	11	7	4	10	8	6	1	3	9	5	0	2		66+
9.	7	10	1	2	11	5	6	3	8	4	0	9		66+
10.	9	8	10	6	0	7	2	3	1	11	4	5		66+
														=660
	93+	69+	55+	57+	56+	73+	43+	48+	42+	52+	39+	33	=660

Tablica kosztów
 \	15	19	13	18	
20	3	6	8	4	
28	6	1	2	5	
17	7	8	3	9	

Tablica przewozów
Optymalne rozwiązanie
 \	15	19	13	18	
20	15	5	0	0	
28	0	14	13	1	
17	0	0	0	17	
Funkcja oceny: 273
 indexu = 1
Osobnik nr 69
 \	1.	2.	3.	4.	5.	6.	7.	8.	9.	10.	11.	12.	
1.	9	8	10	6	0	7	2	3	1	11	4	5		66+
2.	7	10	1	2	11	5	6	3	8	4	0	9		66+
3.	11	0	9	7	4	8	1	5	3	6	10	2		66+
4.	11	7	4	10	8	6	1	3	9	5	0	2		66+
5.	11	8	2	6	5	10	7	9	3	0	4	1		66+
6.	9	8	10	6	0	7	2	3	1	11	4	5		66+
7.	11	8	2	6	5	10	7	9	3	0	4	1		66+
8.	5	11	9	3	4	7	6	1	2	10	8	0		66+
9.	8	2	4	1	11	7	10	9	3	0	5	6		66+
10.	11	7	4	10	8	6	1	3	9	5	0	2		66+
														=660
	93+	69+	55+	57+	56+	73+	43+	48+	42+	52+	39+	33	=660

Tablica kosztów
 \	15	19	13	18	
20	3	6	8	4	
28	6	1	2	5	
17	7	8	3	9	

Tablica przewozów
Optymalne rozwiązanie
 \	15	19	13	18	
20	15	5	0	0	
28	0	14	13	1	
17	0	0	0	17	
Funkcja oceny: 273
 indexu = 2
Osobnik nr 70
 \	1.	2.	3.	4.	5.	6.	7.	8.	9.	10.	11.	12.	
1.	9	8	10	6	0	7	2	3	1	11	4	5		66+
2.	5	11	9	3	4	7	6	1	2	10	8	0		66+
3.	7	10	1	2	11	5	6	3	8	4	0	9		66+
4.	8	2	4	1	11	7	10	9	3	0	5	6		66+
5.	11	7	4	10	8	6	1	3	9	5	0	2		66+
6.	11	7	4	10	8	6	1	3	9	5	0	2		66+
7.	11	8	2	6	5	10	7	9	3	0	4	1		66+
8.	9	8	10	6	0	7	2	3	1	11	4	5		66+
9.	11	8	2	6	5	10	7	9	3	0	4	1		66+
10.	11	0	9	7	4	8	1	5	3	6	10	2		66+
														=660
	93+	69+	55+	57+	56+	73+	43+	48+	42+	52+	39+	33	=660

Tablica kosztów
 \	15	19	13	18	
20	3	6	8	4	
28	6	1	2	5	
17	7	8	3	9	

Tablica przewozów
Optymalne rozwiązanie
 \	15	19	13	18	
20	15	5	0	0	
28	0	14	13	1	
17	0	0	0	17	
Funkcja oceny: 273
 indexu = 9
Osobnik nr 71
 \	1.	2.	3.	4.	5.	6.	7.	8.	9.	10.	11.	12.	
1.	11	8	2	6	5	10	7	9	3	0	4	1		66+
2.	11	8	2	6	5	10	7	9	3	0	4	1		66+
3.	7	10	1	2	11	5	6	3	8	4	0	9		66+
4.	5	11	9	3	4	7	6	1	2	10	8	0		66+
5.	9	8	10	6	0	7	2	3	1	11	4	5		66+
6.	11	7	4	10	8	6	1	3	9	5	0	2		66+
7.	11	0	9	7	4	8	1	5	3	6	10	2		66+
8.	8	2	4	1	11	7	10	9	3	0	5	6		66+
9.	11	7	4	10	8	6	1	3	9	5	0	2		66+
10.	9	8	10	6	0	7	2	3	1	11	4	5		66+
														=660
	93+	69+	55+	57+	56+	73+	43+	48+	42+	52+	39+	33	=660

Tablica kosztów
 \	15	19	13	18	
20	3	6	8	4	
28	6	1	2	5	
17	7	8	3	9	

Tablica przewozów
Optymalne rozwiązanie
 \	15	19	13	18	
20	15	5	0	0	
28	0	14	13	1	
17	0	0	0	17	
Funkcja oceny: 273
 indexu = 6
Osobnik nr 72
 \	1.	2.	3.	4.	5.	6.	7.	8.	9.	10.	11.	12.	
1.	11	8	2	6	5	10	7	9	3	0	4	1		66+
2.	11	7	4	10	8	6	1	3	9	5	0	2		66+
3.	5	11	9	3	4	7	6	1	2	10	8	0		66+
4.	11	7	4	10	8	6	1	3	9	5	0	2		66+
5.	11	0	9	7	4	8	1	5	3	6	10	2		66+
6.	8	2	4	1	11	7	10	9	3	0	5	6		66+
7.	9	8	10	6	0	7	2	3	1	11	4	5		66+
8.	11	8	2	6	5	10	7	9	3	0	4	1		66+
9.	9	8	10	6	0	7	2	3	1	11	4	5		66+
10.	7	10	1	2	11	5	6	3	8	4	0	9		66+
														=660
	93+	69+	55+	57+	56+	73+	43+	48+	42+	52+	39+	33	=660

Tablica kosztów
 \	15	19	13	18	
20	3	6	8	4	
28	6	1	2	5	
17	7	8	3	9	

Tablica przewozów
Optymalne rozwiązanie
 \	15	19	13	18	
20	15	5	0	0	
28	0	14	13	1	
17	0	0	0	17	
Funkcja oceny: 273
 indexu = 4
Osobnik nr 73
 \	1.	2.	3.	4.	5.	6.	7.	8.	9.	10.	11.	12.	
1.	11	7	4	10	8	6	1	3	9	5	0	2		66+
2.	11	7	4	10	8	6	1	3	9	5	0	2		66+
3.	11	8	2	6	5	10	7	9	3	0	4	1		66+
4.	9	8	10	6	0	7	2	3	1	11	4	5		66+
5.	7	10	1	2	11	5	6	3	8	4	0	9		66+
6.	9	8	10	6	0	7	2	3	1	11	4	5		66+
7.	8	2	4	1	11	7	10	9	3	0	5	6		66+
8.	5	11	9	3	4	7	6	1	2	10	8	0		66+
9.	11	0	9	7	4	8	1	5	3	6	10	2		66+
10.	11	8	2	6	5	10	7	9	3	0	4	1		66+
														=660
	93+	69+	55+	57+	56+	73+	43+	48+	42+	52+	39+	33	=660

Tablica kosztów
 \	15	19	13	18	
20	3	6	8	4	
28	6	1	2	5	
17	7	8	3	9	

Tablica przewozów
Optymalne rozwiązanie
 \	15	19	13	18	
20	15	5	0	0	
28	0	14	13	1	
17	0	0	0	17	
Funkcja oceny: 273
 indexu = 8
Osobnik nr 74
 \	1.	2.	3.	4.	5.	6.	7.	8.	9.	10.	11.	12.	
1.	9	8	10	6	0	7	2	3	1	11	4	5		66+
2.	9	8	10	6	0	7	2	3	1	11	4	5		66+
3.	7	10	1	2	11	5	6	3	8	4	0	9		66+
4.	8	2	4	1	11	7	10	9	3	0	5	6		66+
5.	11	8	2	6	5	10	7	9	3	0	4	1		66+
6.	5	11	9	3	4	7	6	1	2	10	8	0		66+
7.	11	7	4	10	8	6	1	3	9	5	0	2		66+
8.	11	8	2	6	5	10	7	9	3	0	4	1		66+
9.	11	7	4	10	8	6	1	3	9	5	0	2		66+
10.	11	0	9	7	4	8	1	5	3	6	10	2		66+
														=660
	93+	69+	55+	57+	56+	73+	43+	48+	42+	52+	39+	33	=660

Tablica kosztów
 \	15	19	13	18	
20	3	6	8	4	
28	6	1	2	5	
17	7	8	3	9	

Tablica przewozów
Optymalne rozwiązanie
 \	15	19	13	18	
20	15	5	0	0	
28	0	14	13	1	
17	0	0	0	17	
Funkcja oceny: 273
 indexu = 9
Osobnik nr 75
 \	1.	2.	3.	4.	5.	6.	7.	8.	9.	10.	11.	12.	
1.	8	2	4	1	11	7	10	9	3	0	5	6		66+
2.	11	8	2	6	5	10	7	9	3	0	4	1		66+
3.	11	8	2	6	5	10	7	9	3	0	4	1		66+
4.	11	7	4	10	8	6	1	3	9	5	0	2		66+
5.	7	10	1	2	11	5	6	3	8	4	0	9		66+
6.	11	0	9	7	4	8	1	5	3	6	10	2		66+
7.	5	11	9	3	4	7	6	1	2	10	8	0		66+
8.	9	8	10	6	0	7	2	3	1	11	4	5		66+
9.	9	8	10	6	0	7	2	3	1	11	4	5		66+
10.	11	7	4	10	8	6	1	3	9	5	0	2		66+
														=660
	93+	69+	55+	57+	56+	73+	43+	48+	42+	52+	39+	33	=660

Tablica kosztów
 \	15	19	13	18	
20	3	6	8	4	
28	6	1	2	5	
17	7	8	3	9	

Tablica przewozów
Optymalne rozwiązanie
 \	15	19	13	18	
20	15	5	0	0	
28	0	14	13	1	
17	0	0	0	17	
Funkcja oceny: 273
 indexu = 5
Osobnik nr 76
 \	1.	2.	3.	4.	5.	6.	7.	8.	9.	10.	11.	12.	
1.	11	7	4	10	8	6	1	3	9	5	0	2		66+
2.	5	11	9	3	4	7	6	1	2	10	8	0		66+
3.	11	8	2	6	5	10	7	9	3	0	4	1		66+
4.	11	0	9	7	4	8	1	5	3	6	10	2		66+
5.	9	8	10	6	0	7	2	3	1	11	4	5		66+
6.	11	8	2	6	5	10	7	9	3	0	4	1		66+
7.	7	10	1	2	11	5	6	3	8	4	0	9		66+
8.	8	2	4	1	11	7	10	9	3	0	5	6		66+
9.	9	8	10	6	0	7	2	3	1	11	4	5		66+
10.	11	7	4	10	8	6	1	3	9	5	0	2		66+
														=660
	93+	69+	55+	57+	56+	73+	43+	48+	42+	52+	39+	33	=660

Tablica kosztów
 \	15	19	13	18	
20	3	6	8	4	
28	6	1	2	5	
17	7	8	3	9	

Tablica przewozów
Optymalne rozwiązanie
 \	15	19	13	18	
20	15	5	0	0	
28	0	14	13	1	
17	0	0	0	17	
Funkcja oceny: 273
 indexu = 3
Osobnik nr 77
 \	1.	2.	3.	4.	5.	6.	7.	8.	9.	10.	11.	12.	
1.	9	8	10	6	0	7	2	3	1	11	4	5		66+
2.	8	2	4	1	11	7	10	9	3	0	5	6		66+
3.	11	7	4	10	8	6	1	3	9	5	0	2		66+
4.	11	8	2	6	5	10	7	9	3	0	4	1		66+
5.	5	11	9	3	4	7	6	1	2	10	8	0		66+
6.	7	10	1	2	11	5	6	3	8	4	0	9		66+
7.	9	8	10	6	0	7	2	3	1	11	4	5		66+
8.	11	7	4	10	8	6	1	3	9	5	0	2		66+
9.	11	0	9	7	4	8	1	5	3	6	10	2		66+
10.	11	8	2	6	5	10	7	9	3	0	4	1		66+
														=660
	93+	69+	55+	57+	56+	73+	43+	48+	42+	52+	39+	33	=660

Tablica kosztów
 \	15	19	13	18	
20	3	6	8	4	
28	6	1	2	5	
17	7	8	3	9	

Tablica przewozów
Optymalne rozwiązanie
 \	15	19	13	18	
20	15	5	0	0	
28	0	14	13	1	
17	0	0	0	17	
Funkcja oceny: 273
 indexu = 8
Osobnik nr 78
 \	1.	2.	3.	4.	5.	6.	7.	8.	9.	10.	11.	12.	
1.	11	7	4	10	8	6	1	3	9	5	0	2		66+
2.	5	11	9	3	4	7	6	1	2	10	8	0		66+
3.	11	8	2	6	5	10	7	9	3	0	4	1		66+
4.	11	0	9	7	4	8	1	5	3	6	10	2		66+
5.	9	8	10	6	0	7	2	3	1	11	4	5		66+
6.	9	8	10	6	0	7	2	3	1	11	4	5		66+
7.	11	7	4	10	8	6	1	3	9	5	0	2		66+
8.	8	2	4	1	11	7	10	9	3	0	5	6		66+
9.	11	8	2	6	5	10	7	9	3	0	4	1		66+
10.	7	10	1	2	11	5	6	3	8	4	0	9		66+
														=660
	93+	69+	55+	57+	56+	73+	43+	48+	42+	52+	39+	33	=660

Tablica kosztów
 \	15	19	13	18	
20	3	6	8	4	
28	6	1	2	5	
17	7	8	3	9	

Tablica przewozów
Optymalne rozwiązanie
 \	15	19	13	18	
20	15	5	0	0	
28	0	14	13	1	
17	0	0	0	17	
Funkcja oceny: 273
 indexu = 3
Osobnik nr 79
 \	1.	2.	3.	4.	5.	6.	7.	8.	9.	10.	11.	12.	
1.	7	10	1	2	11	5	6	3	8	4	0	9		66+
2.	8	2	4	1	11	7	10	9	3	0	5	6		66+
3.	9	8	10	6	0	7	2	3	1	11	4	5		66+
4.	5	11	9	3	4	7	6	1	2	10	8	0		66+
5.	11	8	2	6	5	10	7	9	3	0	4	1		66+
6.	11	8	2	6	5	10	7	9	3	0	4	1		66+
7.	11	0	9	7	4	8	1	5	3	6	10	2		66+
8.	11	7	4	10	8	6	1	3	9	5	0	2		66+
9.	9	8	10	6	0	7	2	3	1	11	4	5		66+
10.	11	7	4	10	8	6	1	3	9	5	0	2		66+
														=660
	93+	69+	55+	57+	56+	73+	43+	48+	42+	52+	39+	33	=660

Tablica kosztów
 \	15	19	13	18	
20	3	6	8	4	
28	6	1	2	5	
17	7	8	3	9	

Tablica przewozów
Optymalne rozwiązanie
 \	15	19	13	18	
20	15	5	0	0	
28	0	14	13	1	
17	0	0	0	17	
Funkcja oceny: 273
 indexu = 6
Osobnik nr 80
 \	1.	2.	3.	4.	5.	6.	7.	8.	9.	10.	11.	12.	
1.	11	7	4	10	8	6	1	3	9	5	0	2		66+
2.	11	8	2	6	5	10	7	9	3	0	4	1		66+
3.	7	10	1	2	11	5	6	3	8	4	0	9		66+
4.	11	7	4	10	8	6	1	3	9	5	0	2		66+
5.	9	8	10	6	0	7	2	3	1	11	4	5		66+
6.	5	11	9	3	4	7	6	1	2	10	8	0		66+
7.	9	8	10	6	0	7	2	3	1	11	4	5		66+
8.	11	0	9	7	4	8	1	5	3	6	10	2		66+
9.	8	2	4	1	11	7	10	9	3	0	5	6		66+
10.	11	8	2	6	5	10	7	9	3	0	4	1		66+
														=660
	93+	69+	55+	57+	56+	73+	43+	48+	42+	52+	39+	33	=660

Tablica kosztów
 \	15	19	13	18	
20	3	6	8	4	
28	6	1	2	5	
17	7	8	3	9	

Tablica przewozów
Optymalne rozwiązanie
 \	15	19	13	18	
20	15	5	0	0	
28	0	14	13	1	
17	0	0	0	17	
Funkcja oceny: 273
 indexu = 7
Osobnik nr 81
 \	1.	2.	3.	4.	5.	6.	7.	8.	9.	10.	11.	12.	
1.	11	8	2	6	5	10	7	9	3	0	4	1		66+
2.	11	7	4	10	8	6	1	3	9	5	0	2		66+
3.	9	8	10	6	0	7	2	3	1	11	4	5		66+
4.	8	2	4	1	11	7	10	9	3	0	5	6		66+
5.	11	0	9	7	4	8	1	5	3	6	10	2		66+
6.	11	8	2	6	5	10	7	9	3	0	4	1		66+
7.	9	8	10	6	0	7	2	3	1	11	4	5		66+
8.	5	11	9	3	4	7	6	1	2	10	8	0		66+
9.	11	7	4	10	8	6	1	3	9	5	0	2		66+
10.	7	10	1	2	11	5	6	3	8	4	0	9		66+
														=660
	93+	69+	55+	57+	56+	73+	43+	48+	42+	52+	39+	33	=660

Tablica kosztów
 \	15	19	13	18	
20	3	6	8	4	
28	6	1	2	5	
17	7	8	3	9	

Tablica przewozów
Optymalne rozwiązanie
 \	15	19	13	18	
20	15	5	0	0	
28	0	14	13	1	
17	0	0	0	17	
Funkcja oceny: 273
 indexu = 4
Osobnik nr 82
 \	1.	2.	3.	4.	5.	6.	7.	8.	9.	10.	11.	12.	
1.	11	8	2	6	5	10	7	9	3	0	4	1		66+
2.	5	11	9	3	4	7	6	1	2	10	8	0		66+
3.	11	7	4	10	8	6	1	3	9	5	0	2		66+
4.	11	7	4	10	8	6	1	3	9	5	0	2		66+
5.	7	10	1	2	11	5	6	3	8	4	0	9		66+
6.	8	2	4	1	11	7	10	9	3	0	5	6		66+
7.	9	8	10	6	0	7	2	3	1	11	4	5		66+
8.	11	0	9	7	4	8	1	5	3	6	10	2		66+
9.	11	8	2	6	5	10	7	9	3	0	4	1		66+
10.	9	8	10	6	0	7	2	3	1	11	4	5		66+
														=660
	93+	69+	55+	57+	56+	73+	43+	48+	42+	52+	39+	33	=660

Tablica kosztów
 \	15	19	13	18	
20	3	6	8	4	
28	6	1	2	5	
17	7	8	3	9	

Tablica przewozów
Optymalne rozwiązanie
 \	15	19	13	18	
20	15	5	0	0	
28	0	14	13	1	
17	0	0	0	17	
Funkcja oceny: 273
 indexu = 7
Osobnik nr 83
 \	1.	2.	3.	4.	5.	6.	7.	8.	9.	10.	11.	12.	
1.	11	0	9	7	4	8	1	5	3	6	10	2		66+
2.	9	8	10	6	0	7	2	3	1	11	4	5		66+
3.	5	11	9	3	4	7	6	1	2	10	8	0		66+
4.	9	8	10	6	0	7	2	3	1	11	4	5		66+
5.	11	8	2	6	5	10	7	9	3	0	4	1		66+
6.	11	7	4	10	8	6	1	3	9	5	0	2		66+
7.	8	2	4	1	11	7	10	9	3	0	5	6		66+
8.	7	10	1	2	11	5	6	3	8	4	0	9		66+
9.	11	7	4	10	8	6	1	3	9	5	0	2		66+
10.	11	8	2	6	5	10	7	9	3	0	4	1		66+
														=660
	93+	69+	55+	57+	56+	73+	43+	48+	42+	52+	39+	33	=660

Tablica kosztów
 \	15	19	13	18	
20	3	6	8	4	
28	6	1	2	5	
17	7	8	3	9	

Tablica przewozów
Optymalne rozwiązanie
 \	15	19	13	18	
20	15	5	0	0	
28	0	14	13	1	
17	0	0	0	17	
Funkcja oceny: 273
 indexu = 0
Osobnik nr 84
 \	1.	2.	3.	4.	5.	6.	7.	8.	9.	10.	11.	12.	
1.	8	2	4	1	11	7	10	9	3	0	5	6		66+
2.	9	8	10	6	0	7	2	3	1	11	4	5		66+
3.	11	0	9	7	4	8	1	5	3	6	10	2		66+
4.	11	7	4	10	8	6	1	3	9	5	0	2		66+
5.	11	7	4	10	8	6	1	3	9	5	0	2		66+
6.	7	10	1	2	11	5	6	3	8	4	0	9		66+
7.	5	11	9	3	4	7	6	1	2	10	8	0		66+
8.	9	8	10	6	0	7	2	3	1	11	4	5		66+
9.	11	8	2	6	5	10	7	9	3	0	4	1		66+
10.	11	8	2	6	5	10	7	9	3	0	4	1		66+
														=660
	93+	69+	55+	57+	56+	73+	43+	48+	42+	52+	39+	33	=660

Tablica kosztów
 \	15	19	13	18	
20	3	6	8	4	
28	6	1	2	5	
17	7	8	3	9	

Tablica przewozów
Optymalne rozwiązanie
 \	15	19	13	18	
20	15	5	0	0	
28	0	14	13	1	
17	0	0	0	17	
Funkcja oceny: 273
 indexu = 2
Osobnik nr 85
 \	1.	2.	3.	4.	5.	6.	7.	8.	9.	10.	11.	12.	
1.	11	0	9	7	4	8	1	5	3	6	10	2		66+
2.	11	8	2	6	5	10	7	9	3	0	4	1		66+
3.	11	7	4	10	8	6	1	3	9	5	0	2		66+
4.	7	10	1	2	11	5	6	3	8	4	0	9		66+
5.	9	8	10	6	0	7	2	3	1	11	4	5		66+
6.	11	8	2	6	5	10	7	9	3	0	4	1		66+
7.	8	2	4	1	11	7	10	9	3	0	5	6		66+
8.	5	11	9	3	4	7	6	1	2	10	8	0		66+
9.	11	7	4	10	8	6	1	3	9	5	0	2		66+
10.	9	8	10	6	0	7	2	3	1	11	4	5		66+
														=660
	93+	69+	55+	57+	56+	73+	43+	48+	42+	52+	39+	33	=660

Tablica kosztów
 \	15	19	13	18	
20	3	6	8	4	
28	6	1	2	5	
17	7	8	3	9	

Tablica przewozów
Optymalne rozwiązanie
 \	15	19	13	18	
20	15	5	0	0	
28	0	14	13	1	
17	0	0	0	17	
Funkcja oceny: 273
 indexu = 0
Osobnik nr 86
 \	1.	2.	3.	4.	5.	6.	7.	8.	9.	10.	11.	12.	
1.	5	11	9	3	4	7	6	1	2	10	8	0		66+
2.	9	8	10	6	0	7	2	3	1	11	4	5		66+
3.	11	7	4	10	8	6	1	3	9	5	0	2		66+
4.	11	7	4	10	8	6	1	3	9	5	0	2		66+
5.	8	2	4	1	11	7	10	9	3	0	5	6		66+
6.	11	8	2	6	5	10	7	9	3	0	4	1		66+
7.	7	10	1	2	11	5	6	3	8	4	0	9		66+
8.	9	8	10	6	0	7	2	3	1	11	4	5		66+
9.	11	8	2	6	5	10	7	9	3	0	4	1		66+
10.	11	0	9	7	4	8	1	5	3	6	10	2		66+
														=660
	93+	69+	55+	57+	56+	73+	43+	48+	42+	52+	39+	33	=660

Tablica kosztów
 \	15	19	13	18	
20	3	6	8	4	
28	6	1	2	5	
17	7	8	3	9	

Tablica przewozów
Optymalne rozwiązanie
 \	15	19	13	18	
20	15	5	0	0	
28	0	14	13	1	
17	0	0	0	17	
Funkcja oceny: 273
 indexu = 9
Osobnik nr 87
 \	1.	2.	3.	4.	5.	6.	7.	8.	9.	10.	11.	12.	
1.	8	2	4	1	11	7	10	9	3	0	5	6		66+
2.	11	0	9	7	4	8	1	5	3	6	10	2		66+
3.	9	8	10	6	0	7	2	3	1	11	4	5		66+
4.	11	7	4	10	8	6	1	3	9	5	0	2		66+
5.	7	10	1	2	11	5	6	3	8	4	0	9		66+
6.	11	7	4	10	8	6	1	3	9	5	0	2		66+
7.	9	8	10	6	0	7	2	3	1	11	4	5		66+
8.	11	8	2	6	5	10	7	9	3	0	4	1		66+
9.	5	11	9	3	4	7	6	1	2	10	8	0		66+
10.	11	8	2	6	5	10	7	9	3	0	4	1		66+
														=660
	93+	69+	55+	57+	56+	73+	43+	48+	42+	52+	39+	33	=660

Tablica kosztów
 \	15	19	13	18	
20	3	6	8	4	
28	6	1	2	5	
17	7	8	3	9	

Tablica przewozów
Optymalne rozwiązanie
 \	15	19	13	18	
20	15	5	0	0	
28	0	14	13	1	
17	0	0	0	17	
Funkcja oceny: 273
 indexu = 1
Osobnik nr 88
 \	1.	2.	3.	4.	5.	6.	7.	8.	9.	10.	11.	12.	
1.	5	11	9	3	4	7	6	1	2	10	8	0		66+
2.	7	10	1	2	11	5	6	3	8	4	0	9		66+
3.	11	8	2	6	5	10	7	9	3	0	4	1		66+
4.	11	7	4	10	8	6	1	3	9	5	0	2		66+
5.	9	8	10	6	0	7	2	3	1	11	4	5		66+
6.	11	0	9	7	4	8	1	5	3	6	10	2		66+
7.	9	8	10	6	0	7	2	3	1	11	4	5		66+
8.	8	2	4	1	11	7	10	9	3	0	5	6		66+
9.	11	8	2	6	5	10	7	9	3	0	4	1		66+
10.	11	7	4	10	8	6	1	3	9	5	0	2		66+
														=660
	93+	69+	55+	57+	56+	73+	43+	48+	42+	52+	39+	33	=660

Tablica kosztów
 \	15	19	13	18	
20	3	6	8	4	
28	6	1	2	5	
17	7	8	3	9	

Tablica przewozów
Optymalne rozwiązanie
 \	15	19	13	18	
20	15	5	0	0	
28	0	14	13	1	
17	0	0	0	17	
Funkcja oceny: 273
 indexu = 5
Osobnik nr 89
 \	1.	2.	3.	4.	5.	6.	7.	8.	9.	10.	11.	12.	
1.	5	11	9	3	4	7	6	1	2	10	8	0		66+
2.	8	2	4	1	11	7	10	9	3	0	5	6		66+
3.	11	7	4	10	8	6	1	3	9	5	0	2		66+
4.	11	8	2	6	5	10	7	9	3	0	4	1		66+
5.	11	8	2	6	5	10	7	9	3	0	4	1		66+
6.	11	7	4	10	8	6	1	3	9	5	0	2		66+
7.	7	10	1	2	11	5	6	3	8	4	0	9		66+
8.	11	0	9	7	4	8	1	5	3	6	10	2		66+
9.	9	8	10	6	0	7	2	3	1	11	4	5		66+
10.	9	8	10	6	0	7	2	3	1	11	4	5		66+
														=660
	93+	69+	55+	57+	56+	73+	43+	48+	42+	52+	39+	33	=660

Tablica kosztów
 \	15	19	13	18	
20	3	6	8	4	
28	6	1	2	5	
17	7	8	3	9	

Tablica przewozów
Optymalne rozwiązanie
 \	15	19	13	18	
20	15	5	0	0	
28	0	14	13	1	
17	0	0	0	17	
Funkcja oceny: 273
 indexu = 7
Osobnik nr 90
 \	1.	2.	3.	4.	5.	6.	7.	8.	9.	10.	11.	12.	
1.	11	7	4	10	8	6	1	3	9	5	0	2		66+
2.	11	0	9	7	4	8	1	5	3	6	10	2		66+
3.	11	8	2	6	5	10	7	9	3	0	4	1		66+
4.	11	8	2	6	5	10	7	9	3	0	4	1		66+
5.	5	11	9	3	4	7	6	1	2	10	8	0		66+
6.	9	8	10	6	0	7	2	3	1	11	4	5		66+
7.	8	2	4	1	11	7	10	9	3	0	5	6		66+
8.	9	8	10	6	0	7	2	3	1	11	4	5		66+
9.	11	7	4	10	8	6	1	3	9	5	0	2		66+
10.	7	10	1	2	11	5	6	3	8	4	0	9		66+
														=660
	93+	69+	55+	57+	56+	73+	43+	48+	42+	52+	39+	33	=660

Tablica kosztów
 \	15	19	13	18	
20	3	6	8	4	
28	6	1	2	5	
17	7	8	3	9	

Tablica przewozów
Optymalne rozwiązanie
 \	15	19	13	18	
20	15	5	0	0	
28	0	14	13	1	
17	0	0	0	17	
Funkcja oceny: 273
 indexu = 1
Osobnik nr 91
 \	1.	2.	3.	4.	5.	6.	7.	8.	9.	10.	11.	12.	
1.	11	7	4	10	8	6	1	3	9	5	0	2		66+
2.	11	8	2	6	5	10	7	9	3	0	4	1		66+
3.	5	11	9	3	4	7	6	1	2	10	8	0		66+
4.	9	8	10	6	0	7	2	3	1	11	4	5		66+
5.	9	8	10	6	0	7	2	3	1	11	4	5		66+
6.	11	8	2	6	5	10	7	9	3	0	4	1		66+
7.	7	10	1	2	11	5	6	3	8	4	0	9		66+
8.	11	0	9	7	4	8	1	5	3	6	10	2		66+
9.	11	7	4	10	8	6	1	3	9	5	0	2		66+
10.	8	2	4	1	11	7	10	9	3	0	5	6		66+
														=660
	93+	69+	55+	57+	56+	73+	43+	48+	42+	52+	39+	33	=660

Tablica kosztów
 \	15	19	13	18	
20	3	6	8	4	
28	6	1	2	5	
17	7	8	3	9	

Tablica przewozów
Optymalne rozwiązanie
 \	15	19	13	18	
20	15	5	0	0	
28	0	14	13	1	
17	0	0	0	17	
Funkcja oceny: 273
 indexu = 7
Osobnik nr 92
 \	1.	2.	3.	4.	5.	6.	7.	8.	9.	10.	11.	12.	
1.	11	8	2	6	5	10	7	9	3	0	4	1		66+
2.	11	7	4	10	8	6	1	3	9	5	0	2		66+
3.	11	0	9	7	4	8	1	5	3	6	10	2		66+
4.	7	10	1	2	11	5	6	3	8	4	0	9		66+
5.	11	7	4	10	8	6	1	3	9	5	0	2		66+
6.	9	8	10	6	0	7	2	3	1	11	4	5		66+
7.	5	11	9	3	4	7	6	1	2	10	8	0		66+
8.	8	2	4	1	11	7	10	9	3	0	5	6		66+
9.	11	8	2	6	5	10	7	9	3	0	4	1		66+
10.	9	8	10	6	0	7	2	3	1	11	4	5		66+
														=660
	93+	69+	55+	57+	56+	73+	43+	48+	42+	52+	39+	33	=660

Tablica kosztów
 \	15	19	13	18	
20	3	6	8	4	
28	6	1	2	5	
17	7	8	3	9	

Tablica przewozów
Optymalne rozwiązanie
 \	15	19	13	18	
20	15	5	0	0	
28	0	14	13	1	
17	0	0	0	17	
Funkcja oceny: 273
 indexu = 2
Osobnik nr 93
 \	1.	2.	3.	4.	5.	6.	7.	8.	9.	10.	11.	12.	
1.	7	10	1	2	11	5	6	3	8	4	0	9		66+
2.	8	2	4	1	11	7	10	9	3	0	5	6		66+
3.	11	7	4	10	8	6	1	3	9	5	0	2		66+
4.	11	0	9	7	4	8	1	5	3	6	10	2		66+
5.	9	8	10	6	0	7	2	3	1	11	4	5		66+
6.	9	8	10	6	0	7	2	3	1	11	4	5		66+
7.	11	7	4	10	8	6	1	3	9	5	0	2		66+
8.	5	11	9	3	4	7	6	1	2	10	8	0		66+
9.	11	8	2	6	5	10	7	9	3	0	4	1		66+
10.	11	8	2	6	5	10	7	9	3	0	4	1		66+
														=660
	93+	69+	55+	57+	56+	73+	43+	48+	42+	52+	39+	33	=660

Tablica kosztów
 \	15	19	13	18	
20	3	6	8	4	
28	6	1	2	5	
17	7	8	3	9	

Tablica przewozów
Optymalne rozwiązanie
 \	15	19	13	18	
20	15	5	0	0	
28	0	14	13	1	
17	0	0	0	17	
Funkcja oceny: 273
 indexu = 3
Osobnik nr 94
 \	1.	2.	3.	4.	5.	6.	7.	8.	9.	10.	11.	12.	
1.	9	8	10	6	0	7	2	3	1	11	4	5		66+
2.	11	7	4	10	8	6	1	3	9	5	0	2		66+
3.	5	11	9	3	4	7	6	1	2	10	8	0		66+
4.	7	10	1	2	11	5	6	3	8	4	0	9		66+
5.	11	7	4	10	8	6	1	3	9	5	0	2		66+
6.	9	8	10	6	0	7	2	3	1	11	4	5		66+
7.	11	0	9	7	4	8	1	5	3	6	10	2		66+
8.	8	2	4	1	11	7	10	9	3	0	5	6		66+
9.	11	8	2	6	5	10	7	9	3	0	4	1		66+
10.	11	8	2	6	5	10	7	9	3	0	4	1		66+
														=660
	93+	69+	55+	57+	56+	73+	43+	48+	42+	52+	39+	33	=660

Tablica kosztów
 \	15	19	13	18	
20	3	6	8	4	
28	6	1	2	5	
17	7	8	3	9	

Tablica przewozów
Optymalne rozwiązanie
 \	15	19	13	18	
20	15	5	0	0	
28	0	14	13	1	
17	0	0	0	17	
Funkcja oceny: 273
 indexu = 6
Osobnik nr 95
 \	1.	2.	3.	4.	5.	6.	7.	8.	9.	10.	11.	12.	
1.	11	8	2	6	5	10	7	9	3	0	4	1		66+
2.	11	7	4	10	8	6	1	3	9	5	0	2		66+
3.	9	8	10	6	0	7	2	3	1	11	4	5		66+
4.	11	0	9	7	4	8	1	5	3	6	10	2		66+
5.	5	11	9	3	4	7	6	1	2	10	8	0		66+
6.	11	8	2	6	5	10	7	9	3	0	4	1		66+
7.	8	2	4	1	11	7	10	9	3	0	5	6		66+
8.	9	8	10	6	0	7	2	3	1	11	4	5		66+
9.	11	7	4	10	8	6	1	3	9	5	0	2		66+
10.	7	10	1	2	11	5	6	3	8	4	0	9		66+
														=660
	93+	69+	55+	57+	56+	73+	43+	48+	42+	52+	39+	33	=660

Tablica kosztów
 \	15	19	13	18	
20	3	6	8	4	
28	6	1	2	5	
17	7	8	3	9	

Tablica przewozów
Optymalne rozwiązanie
 \	15	19	13	18	
20	15	5	0	0	
28	0	14	13	1	
17	0	0	0	17	
Funkcja oceny: 273
 indexu = 3
Osobnik nr 96
 \	1.	2.	3.	4.	5.	6.	7.	8.	9.	10.	11.	12.	
1.	8	2	4	1	11	7	10	9	3	0	5	6		66+
2.	11	8	2	6	5	10	7	9	3	0	4	1		66+
3.	11	8	2	6	5	10	7	9	3	0	4	1		66+
4.	9	8	10	6	0	7	2	3	1	11	4	5		66+
5.	11	7	4	10	8	6	1	3	9	5	0	2		66+
6.	11	0	9	7	4	8	1	5	3	6	10	2		66+
7.	11	7	4	10	8	6	1	3	9	5	0	2		66+
8.	5	11	9	3	4	7	6	1	2	10	8	0		66+
9.	7	10	1	2	11	5	6	3	8	4	0	9		66+
10.	9	8	10	6	0	7	2	3	1	11	4	5		66+
														=660
	93+	69+	55+	57+	56+	73+	43+	48+	42+	52+	39+	33	=660

Tablica kosztów
 \	15	19	13	18	
20	3	6	8	4	
28	6	1	2	5	
17	7	8	3	9	

Tablica przewozów
Optymalne rozwiązanie
 \	15	19	13	18	
20	15	5	0	0	
28	0	14	13	1	
17	0	0	0	17	
Funkcja oceny: 273
 indexu = 5
Osobnik nr 97
 \	1.	2.	3.	4.	5.	6.	7.	8.	9.	10.	11.	12.	
1.	11	7	4	10	8	6	1	3	9	5	0	2		66+
2.	11	0	9	7	4	8	1	5	3	6	10	2		66+
3.	11	7	4	10	8	6	1	3	9	5	0	2		66+
4.	5	11	9	3	4	7	6	1	2	10	8	0		66+
5.	9	8	10	6	0	7	2	3	1	11	4	5		66+
6.	7	10	1	2	11	5	6	3	8	4	0	9		66+
7.	9	8	10	6	0	7	2	3	1	11	4	5		66+
8.	11	8	2	6	5	10	7	9	3	0	4	1		66+
9.	8	2	4	1	11	7	10	9	3	0	5	6		66+
10.	11	8	2	6	5	10	7	9	3	0	4	1		66+
														=660
	93+	69+	55+	57+	56+	73+	43+	48+	42+	52+	39+	33	=660

Tablica kosztów
 \	15	19	13	18	
20	3	6	8	4	
28	6	1	2	5	
17	7	8	3	9	

Tablica przewozów
Optymalne rozwiązanie
 \	15	19	13	18	
20	15	5	0	0	
28	0	14	13	1	
17	0	0	0	17	
Funkcja oceny: 273
 indexu = 1
Osobnik nr 98
 \	1.	2.	3.	4.	5.	6.	7.	8.	9.	10.	11.	12.	
1.	9	8	10	6	0	7	2	3	1	11	4	5		66+
2.	9	8	10	6	0	7	2	3	1	11	4	5		66+
3.	11	7	4	10	8	6	1	3	9	5	0	2		66+
4.	11	7	4	10	8	6	1	3	9	5	0	2		66+
5.	8	2	4	1	11	7	10	9	3	0	5	6		66+
6.	11	0	9	7	4	8	1	5	3	6	10	2		66+
7.	7	10	1	2	11	5	6	3	8	4	0	9		66+
8.	5	11	9	3	4	7	6	1	2	10	8	0		66+
9.	11	8	2	6	5	10	7	9	3	0	4	1		66+
10.	11	8	2	6	5	10	7	9	3	0	4	1		66+
														=660
	93+	69+	55+	57+	56+	73+	43+	48+	42+	52+	39+	33	=660

Tablica kosztów
 \	15	19	13	18	
20	3	6	8	4	
28	6	1	2	5	
17	7	8	3	9	

Tablica przewozów
Optymalne rozwiązanie
 \	15	19	13	18	
20	15	5	0	0	
28	0	14	13	1	
17	0	0	0	17	
Funkcja oceny: 273
 indexu = 5
Osobnik nr 99
 \	1.	2.	3.	4.	5.	6.	7.	8.	9.	10.	11.	12.	
1.	8	2	4	1	11	7	10	9	3	0	5	6		66+
2.	11	7	4	10	8	6	1	3	9	5	0	2		66+
3.	11	8	2	6	5	10	7	9	3	0	4	1		66+
4.	11	8	2	6	5	10	7	9	3	0	4	1		66+
5.	11	7	4	10	8	6	1	3	9	5	0	2		66+
6.	11	0	9	7	4	8	1	5	3	6	10	2		66+
7.	7	10	1	2	11	5	6	3	8	4	0	9		66+
8.	9	8	10	6	0	7	2	3	1	11	4	5		66+
9.	9	8	10	6	0	7	2	3	1	11	4	5		66+
10.	5	11	9	3	4	7	6	1	2	10	8	0		66+
														=660
	93+	69+	55+	57+	56+	73+	43+	48+	42+	52+	39+	33	=660

Tablica kosztów
 \	15	19	13	18	
20	3	6	8	4	
28	6	1	2	5	
17	7	8	3	9	

Tablica przewozów
Optymalne rozwiązanie
 \	15	19	13	18	
20	15	5	0	0	
28	0	14	13	1	
17	0	0	0	17	
Funkcja oceny: 273
 indexu = 5
Osobnik nr 100
 \	1.	2.	3.	4.	5.	6.	7.	8.	9.	10.	11.	12.	
1.	7	10	1	2	11	5	6	3	8	4	0	9		66+
2.	8	2	4	1	11	7	10	9	3	0	5	6		66+
3.	11	0	9	7	4	8	1	5	3	6	10	2		66+
4.	11	7	4	10	8	6	1	3	9	5	0	2		66+
5.	9	8	10	6	0	7	2	3	1	11	4	5		66+
6.	9	8	10	6	0	7	2	3	1	11	4	5		66+
7.	11	7	4	10	8	6	1	3	9	5	0	2		66+
8.	5	11	9	3	4	7	6	1	2	10	8	0		66+
9.	11	8	2	6	5	10	7	9	3	0	4	1		66+
10.	11	8	2	6	5	10	7	9	3	0	4	1		66+
														=660
	93+	69+	55+	57+	56+	73+	43+	48+	42+	52+	39+	33	=660

Tablica kosztów
 \	15	19	13	18	
20	3	6	8	4	
28	6	1	2	5	
17	7	8	3	9	

Tablica przewozów
Optymalne rozwiązanie
 \	15	19	13	18	
20	15	5	0	0	
28	0	14	13	1	
17	0	0	0	17	
Funkcja oceny: 273
 indexu = 2
Algorytm genetyczny: 

