Problem transportowy
Osobnik nr 1
 \	1.	2.	3.	4.	5.	6.	7.	8.	9.	10.	11.	12.	13.	14.	15.	16.	17.	18.	19.	20.	
1.	15	19	18	16	3	7	2	8	10	13	9	0	17	11	12	5	6	4	1	14		190+
2.	19	13	11	12	4	7	16	10	18	14	8	1	17	5	0	9	6	3	2	15		190+
3.	12	11	5	10	17	16	18	2	14	4	1	8	19	3	13	0	7	6	15	9		190+
4.	14	2	6	18	15	10	8	11	4	13	5	3	12	16	1	7	0	17	19	9		190+
5.	19	13	11	12	4	7	16	10	18	14	8	1	17	5	0	9	6	3	2	15		190+
6.	15	19	18	16	3	7	2	8	10	13	9	0	17	11	12	5	6	4	1	14		190+
7.	12	11	5	10	17	16	18	2	14	4	1	8	19	3	13	0	7	6	15	9		190+
8.	14	2	6	18	15	10	8	11	4	13	5	3	12	16	1	7	0	17	19	9		190+
9.	10	13	5	8	6	12	1	18	3	14	19	15	9	7	4	16	0	17	11	2		190+
10.	12	11	5	10	17	16	18	2	14	4	1	8	19	3	13	0	7	6	15	9		190+
																						=1900
	142+	114+	90+	130+	101+	108+	107+	82+	109+	106+	66+	47+	158+	80+	69+	58+	45+	83+	100+	105	=1900

Tablica kosztów
 \	5	15	15	10	5	
15	10	0	20	11	7	
25	12	7	9	20	2	
5	0	14	16	18	5	
5	7	14	2	0	20	

Tablica przewozów
Optymalne rozwiązanie
 \	5	15	15	10	5	
15	0	5	0	10	0	
25	0	5	15	0	5	
5	0	5	0	0	0	
5	5	0	0	0	0	
Funkcja oceny: 395
 indexu = 5
Osobnik nr 2
 \	1.	2.	3.	4.	5.	6.	7.	8.	9.	10.	11.	12.	13.	14.	15.	16.	17.	18.	19.	20.	
1.	12	11	5	10	17	16	18	2	14	4	1	8	19	3	13	0	7	6	15	9		190+
2.	15	19	18	16	3	7	2	8	10	13	9	0	17	11	12	5	6	4	1	14		190+
3.	19	13	11	12	4	7	16	10	18	14	8	1	17	5	0	9	6	3	2	15		190+
4.	12	11	5	10	17	16	18	2	14	4	1	8	19	3	13	0	7	6	15	9		190+
5.	12	11	5	10	17	16	18	2	14	4	1	8	19	3	13	0	7	6	15	9		190+
6.	10	13	5	8	6	12	1	18	3	14	19	15	9	7	4	16	0	17	11	2		190+
7.	19	13	11	12	4	7	16	10	18	14	8	1	17	5	0	9	6	3	2	15		190+
8.	14	2	6	18	15	10	8	11	4	13	5	3	12	16	1	7	0	17	19	9		190+
9.	14	2	6	18	15	10	8	11	4	13	5	3	12	16	1	7	0	17	19	9		190+
10.	15	19	18	16	3	7	2	8	10	13	9	0	17	11	12	5	6	4	1	14		190+
																						=1900
	142+	114+	90+	130+	101+	108+	107+	82+	109+	106+	66+	47+	158+	80+	69+	58+	45+	83+	100+	105	=1900

Tablica kosztów
 \	5	15	15	10	5	
15	10	0	20	11	7	
25	12	7	9	20	2	
5	0	14	16	18	5	
5	7	14	2	0	20	

Tablica przewozów
Optymalne rozwiązanie
 \	5	15	15	10	5	
15	0	5	0	10	0	
25	0	5	15	0	5	
5	0	5	0	0	0	
5	5	0	0	0	0	
Funkcja oceny: 395
 indexu = 1
Osobnik nr 3
 \	1.	2.	3.	4.	5.	6.	7.	8.	9.	10.	11.	12.	13.	14.	15.	16.	17.	18.	19.	20.	
1.	19	13	11	12	4	7	16	10	18	14	8	1	17	5	0	9	6	3	2	15		190+
2.	15	19	18	16	3	7	2	8	10	13	9	0	17	11	12	5	6	4	1	14		190+
3.	15	19	18	16	3	7	2	8	10	13	9	0	17	11	12	5	6	4	1	14		190+
4.	12	11	5	10	17	16	18	2	14	4	1	8	19	3	13	0	7	6	15	9		190+
5.	14	2	6	18	15	10	8	11	4	13	5	3	12	16	1	7	0	17	19	9		190+
6.	14	2	6	18	15	10	8	11	4	13	5	3	12	16	1	7	0	17	19	9		190+
7.	10	13	5	8	6	12	1	18	3	14	19	15	9	7	4	16	0	17	11	2		190+
8.	19	13	11	12	4	7	16	10	18	14	8	1	17	5	0	9	6	3	2	15		190+
9.	12	11	5	10	17	16	18	2	14	4	1	8	19	3	13	0	7	6	15	9		190+
10.	12	11	5	10	17	16	18	2	14	4	1	8	19	3	13	0	7	6	15	9		190+
																						=1900
	142+	114+	90+	130+	101+	108+	107+	82+	109+	106+	66+	47+	158+	80+	69+	58+	45+	83+	100+	105	=1900

Tablica kosztów
 \	5	15	15	10	5	
15	10	0	20	11	7	
25	12	7	9	20	2	
5	0	14	16	18	5	
5	7	14	2	0	20	

Tablica przewozów
Optymalne rozwiązanie
 \	5	15	15	10	5	
15	0	5	0	10	0	
25	0	5	15	0	5	
5	0	5	0	0	0	
5	5	0	0	0	0	
Funkcja oceny: 395
 indexu = 1
Osobnik nr 4
 \	1.	2.	3.	4.	5.	6.	7.	8.	9.	10.	11.	12.	13.	14.	15.	16.	17.	18.	19.	20.	
1.	12	11	5	10	17	16	18	2	14	4	1	8	19	3	13	0	7	6	15	9		190+
2.	12	11	5	10	17	16	18	2	14	4	1	8	19	3	13	0	7	6	15	9		190+
3.	14	2	6	18	15	10	8	11	4	13	5	3	12	16	1	7	0	17	19	9		190+
4.	15	19	18	16	3	7	2	8	10	13	9	0	17	11	12	5	6	4	1	14		190+
5.	10	13	5	8	6	12	1	18	3	14	19	15	9	7	4	16	0	17	11	2		190+
6.	12	11	5	10	17	16	18	2	14	4	1	8	19	3	13	0	7	6	15	9		190+
7.	19	13	11	12	4	7	16	10	18	14	8	1	17	5	0	9	6	3	2	15		190+
8.	19	13	11	12	4	7	16	10	18	14	8	1	17	5	0	9	6	3	2	15		190+
9.	14	2	6	18	15	10	8	11	4	13	5	3	12	16	1	7	0	17	19	9		190+
10.	15	19	18	16	3	7	2	8	10	13	9	0	17	11	12	5	6	4	1	14		190+
																						=1900
	142+	114+	90+	130+	101+	108+	107+	82+	109+	106+	66+	47+	158+	80+	69+	58+	45+	83+	100+	105	=1900

Tablica kosztów
 \	5	15	15	10	5	
15	10	0	20	11	7	
25	12	7	9	20	2	
5	0	14	16	18	5	
5	7	14	2	0	20	

Tablica przewozów
Optymalne rozwiązanie
 \	5	15	15	10	5	
15	0	5	0	10	0	
25	0	5	15	0	5	
5	0	5	0	0	0	
5	5	0	0	0	0	
Funkcja oceny: 395
 indexu = 9
Osobnik nr 5
 \	1.	2.	3.	4.	5.	6.	7.	8.	9.	10.	11.	12.	13.	14.	15.	16.	17.	18.	19.	20.	
1.	10	13	5	8	6	12	1	18	3	14	19	15	9	7	4	16	0	17	11	2		190+
2.	14	2	6	18	15	10	8	11	4	13	5	3	12	16	1	7	0	17	19	9		190+
3.	19	13	11	12	4	7	16	10	18	14	8	1	17	5	0	9	6	3	2	15		190+
4.	19	13	11	12	4	7	16	10	18	14	8	1	17	5	0	9	6	3	2	15		190+
5.	14	2	6	18	15	10	8	11	4	13	5	3	12	16	1	7	0	17	19	9		190+
6.	12	11	5	10	17	16	18	2	14	4	1	8	19	3	13	0	7	6	15	9		190+
7.	15	19	18	16	3	7	2	8	10	13	9	0	17	11	12	5	6	4	1	14		190+
8.	12	11	5	10	17	16	18	2	14	4	1	8	19	3	13	0	7	6	15	9		190+
9.	15	19	18	16	3	7	2	8	10	13	9	0	17	11	12	5	6	4	1	14		190+
10.	12	11	5	10	17	16	18	2	14	4	1	8	19	3	13	0	7	6	15	9		190+
																						=1900
	142+	114+	90+	130+	101+	108+	107+	82+	109+	106+	66+	47+	158+	80+	69+	58+	45+	83+	100+	105	=1900

Tablica kosztów
 \	5	15	15	10	5	
15	10	0	20	11	7	
25	12	7	9	20	2	
5	0	14	16	18	5	
5	7	14	2	0	20	

Tablica przewozów
Optymalne rozwiązanie
 \	5	15	15	10	5	
15	0	5	0	10	0	
25	0	5	15	0	5	
5	0	5	0	0	0	
5	5	0	0	0	0	
Funkcja oceny: 395
 indexu = 6
Algorytm genetyczny: 

