Problem transportowy
Osobnik nr 1
 \	1.	2.	3.	4.	5.	6.	7.	8.	9.	10.	11.	12.	13.	14.	15.	16.	17.	18.	19.	20.	
1.	16	8	0	11	19	9	17	4	14	15	2	1	3	7	18	13	5	12	6	10		190+
2.	16	8	0	11	19	9	17	4	14	15	2	1	3	7	18	13	5	12	6	10		190+
3.	13	2	17	19	12	7	4	18	1	6	3	15	9	14	0	5	10	11	16	8		190+
4.	10	3	16	7	5	17	13	8	15	11	1	9	6	2	12	0	19	18	14	4		190+
5.	10	15	17	14	3	13	9	18	7	19	1	0	5	2	8	12	11	4	6	16		190+
6.	16	4	12	19	3	18	5	13	11	2	15	17	14	7	1	8	6	0	9	10		190+
7.	10	8	7	2	0	16	5	9	19	1	18	15	17	13	12	6	3	14	11	4		190+
8.	16	8	0	11	19	9	17	4	14	15	2	1	3	7	18	13	5	12	6	10		190+
9.	16	8	0	11	19	9	17	4	14	15	2	1	3	7	18	13	5	12	6	10		190+
10.	10	15	17	14	3	13	9	18	7	19	1	0	5	2	8	12	11	4	6	16		190+
																						=1900
	133+	79+	86+	119+	102+	120+	113+	100+	116+	118+	47+	60+	68+	68+	113+	95+	80+	99+	86+	98	=1900

Tablica kosztów
 \	5	15	15	10	5	
15	10	0	20	11	6	
25	12	7	9	20	11	
5	0	14	16	18	7	
5	0	14	16	18	5	

Tablica przewozów
Optymalne rozwiązanie
 \	5	15	15	10	5	
15	0	5	0	10	0	
25	0	5	15	0	5	
5	5	0	0	0	0	
5	0	5	0	0	0	
Funkcja oceny: 405
 indexu = 3
Osobnik nr 2
 \	1.	2.	3.	4.	5.	6.	7.	8.	9.	10.	11.	12.	13.	14.	15.	16.	17.	18.	19.	20.	
1.	10	15	17	14	3	13	9	18	7	19	1	0	5	2	8	12	11	4	6	16		190+
2.	13	2	17	19	12	7	4	18	1	6	3	15	9	14	0	5	10	11	16	8		190+
3.	16	4	12	19	3	18	5	13	11	2	15	17	14	7	1	8	6	0	9	10		190+
4.	10	8	7	2	0	16	5	9	19	1	18	15	17	13	12	6	3	14	11	4		190+
5.	16	8	0	11	19	9	17	4	14	15	2	1	3	7	18	13	5	12	6	10		190+
6.	16	8	0	11	19	9	17	4	14	15	2	1	3	7	18	13	5	12	6	10		190+
7.	16	8	0	11	19	9	17	4	14	15	2	1	3	7	18	13	5	12	6	10		190+
8.	16	8	0	11	19	9	17	4	14	15	2	1	3	7	18	13	5	12	6	10		190+
9.	10	3	16	7	5	17	13	8	15	11	1	9	6	2	12	0	19	18	14	4		190+
10.	10	15	17	14	3	13	9	18	7	19	1	0	5	2	8	12	11	4	6	16		190+
																						=1900
	133+	79+	86+	119+	102+	120+	113+	100+	116+	118+	47+	60+	68+	68+	113+	95+	80+	99+	86+	98	=1900

Tablica kosztów
 \	5	15	15	10	5	
15	10	0	20	11	6	
25	12	7	9	20	11	
5	0	14	16	18	7	
5	0	14	16	18	5	

Tablica przewozów
Optymalne rozwiązanie
 \	5	15	15	10	5	
15	0	5	0	10	0	
25	0	5	15	0	5	
5	5	0	0	0	0	
5	0	5	0	0	0	
Funkcja oceny: 405
 indexu = 8
Osobnik nr 3
 \	1.	2.	3.	4.	5.	6.	7.	8.	9.	10.	11.	12.	13.	14.	15.	16.	17.	18.	19.	20.	
1.	16	8	0	11	19	9	17	4	14	15	2	1	3	7	18	13	5	12	6	10		190+
2.	13	2	17	19	12	7	4	18	1	6	3	15	9	14	0	5	10	11	16	8		190+
3.	16	4	12	19	3	18	5	13	11	2	15	17	14	7	1	8	6	0	9	10		190+
4.	10	15	17	14	3	13	9	18	7	19	1	0	5	2	8	12	11	4	6	16		190+
5.	10	8	7	2	0	16	5	9	19	1	18	15	17	13	12	6	3	14	11	4		190+
6.	16	8	0	11	19	9	17	4	14	15	2	1	3	7	18	13	5	12	6	10		190+
7.	16	8	0	11	19	9	17	4	14	15	2	1	3	7	18	13	5	12	6	10		190+
8.	16	8	0	11	19	9	17	4	14	15	2	1	3	7	18	13	5	12	6	10		190+
9.	10	3	16	7	5	17	13	8	15	11	1	9	6	2	12	0	19	18	14	4		190+
10.	10	15	17	14	3	13	9	18	7	19	1	0	5	2	8	12	11	4	6	16		190+
																						=1900
	133+	79+	86+	119+	102+	120+	113+	100+	116+	118+	47+	60+	68+	68+	113+	95+	80+	99+	86+	98	=1900

Tablica kosztów
 \	5	15	15	10	5	
15	10	0	20	11	6	
25	12	7	9	20	11	
5	0	14	16	18	7	
5	0	14	16	18	5	

Tablica przewozów
Optymalne rozwiązanie
 \	5	15	15	10	5	
15	0	5	0	10	0	
25	0	10	10	0	5	
5	5	0	0	0	0	
5	0	0	5	0	0	
Funkcja oceny: 405
 indexu = 3
Osobnik nr 4
 \	1.	2.	3.	4.	5.	6.	7.	8.	9.	10.	11.	12.	13.	14.	15.	16.	17.	18.	19.	20.	
1.	16	8	0	11	19	9	17	4	14	15	2	1	3	7	18	13	5	12	6	10		190+
2.	16	8	0	11	19	9	17	4	14	15	2	1	3	7	18	13	5	12	6	10		190+
3.	10	8	7	2	0	16	5	9	19	1	18	15	17	13	12	6	3	14	11	4		190+
4.	16	4	12	19	3	18	5	13	11	2	15	17	14	7	1	8	6	0	9	10		190+
5.	10	15	17	14	3	13	9	18	7	19	1	0	5	2	8	12	11	4	6	16		190+
6.	13	2	17	19	12	7	4	18	1	6	3	15	9	14	0	5	10	11	16	8		190+
7.	16	8	0	11	19	9	17	4	14	15	2	1	3	7	18	13	5	12	6	10		190+
8.	16	8	0	11	19	9	17	4	14	15	2	1	3	7	18	13	5	12	6	10		190+
9.	10	15	17	14	3	13	9	18	7	19	1	0	5	2	8	12	11	4	6	16		190+
10.	10	3	16	7	5	17	13	8	15	11	1	9	6	2	12	0	19	18	14	4		190+
																						=1900
	133+	79+	86+	119+	102+	120+	113+	100+	116+	118+	47+	60+	68+	68+	113+	95+	80+	99+	86+	98	=1900

Tablica kosztów
 \	5	15	15	10	5	
15	10	0	20	11	6	
25	12	7	9	20	11	
5	0	14	16	18	7	
5	0	14	16	18	5	

Tablica przewozów
Optymalne rozwiązanie
 \	5	15	15	10	5	
15	0	5	0	10	0	
25	0	5	15	0	5	
5	5	0	0	0	0	
5	0	5	0	0	0	
Funkcja oceny: 405
 indexu = 9
Osobnik nr 5
 \	1.	2.	3.	4.	5.	6.	7.	8.	9.	10.	11.	12.	13.	14.	15.	16.	17.	18.	19.	20.	
1.	10	15	17	14	3	13	9	18	7	19	1	0	5	2	8	12	11	4	6	16		190+
2.	16	8	0	11	19	9	17	4	14	15	2	1	3	7	18	13	5	12	6	10		190+
3.	16	8	0	11	19	9	17	4	14	15	2	1	3	7	18	13	5	12	6	10		190+
4.	10	3	16	7	5	17	13	8	15	11	1	9	6	2	12	0	19	18	14	4		190+
5.	16	8	0	11	19	9	17	4	14	15	2	1	3	7	18	13	5	12	6	10		190+
6.	16	4	12	19	3	18	5	13	11	2	15	17	14	7	1	8	6	0	9	10		190+
7.	10	15	17	14	3	13	9	18	7	19	1	0	5	2	8	12	11	4	6	16		190+
8.	16	8	0	11	19	9	17	4	14	15	2	1	3	7	18	13	5	12	6	10		190+
9.	13	2	17	19	12	7	4	18	1	6	3	15	9	14	0	5	10	11	16	8		190+
10.	10	8	7	2	0	16	5	9	19	1	18	15	17	13	12	6	3	14	11	4		190+
																						=1900
	133+	79+	86+	119+	102+	120+	113+	100+	116+	118+	47+	60+	68+	68+	113+	95+	80+	99+	86+	98	=1900

Tablica kosztów
 \	5	15	15	10	5	
15	10	0	20	11	6	
25	12	7	9	20	11	
5	0	14	16	18	7	
5	0	14	16	18	5	

Tablica przewozów
Optymalne rozwiązanie
 \	5	15	15	10	5	
15	0	5	0	10	0	
25	0	10	10	0	5	
5	5	0	0	0	0	
5	0	0	5	0	0	
Funkcja oceny: 405
 indexu = 0
Algorytm genetyczny: 

