Problem transportowy
Osobnik nr 1
 \	1.	2.	3.	4.	5.	6.	7.	8.	9.	10.	11.	12.	13.	14.	15.	16.	17.	18.	19.	20.	
1.	8	18	4	12	1	11	5	6	2	0	10	14	13	7	16	3	17	15	9	19		190+
2.	5	0	15	9	1	16	14	7	12	4	2	13	8	3	17	18	10	19	11	6		190+
3.	18	5	16	7	14	0	8	4	13	17	12	6	9	1	15	2	3	11	19	10		190+
4.	18	10	17	1	0	15	5	9	19	13	6	16	12	11	8	7	14	4	3	2		190+
5.	11	15	16	9	18	12	10	7	3	19	2	6	14	5	1	13	0	8	17	4		190+
6.	11	15	16	9	18	12	10	7	3	19	2	6	14	5	1	13	0	8	17	4		190+
7.	5	0	15	9	1	16	14	7	12	4	2	13	8	3	17	18	10	19	11	6		190+
8.	11	15	16	9	18	12	10	7	3	19	2	6	14	5	1	13	0	8	17	4		190+
9.	18	5	16	7	14	0	8	4	13	17	12	6	9	1	15	2	3	11	19	10		190+
10.	18	5	16	7	14	0	8	4	13	17	12	6	9	1	15	2	3	11	19	10		190+
																						=1900
	123+	88+	147+	79+	99+	94+	92+	62+	93+	129+	62+	92+	110+	42+	106+	91+	60+	114+	142+	75	=1900

Tablica kosztów
 \	5	15	15	10	5	
15	10	0	20	11	7	
25	12	7	9	20	2	
5	0	14	16	18	5	
5	7	14	2	0	20	

Tablica przewozów
Optymalne rozwiązanie
 \	5	15	15	10	5	
15	0	15	0	0	0	
25	0	0	15	5	5	
5	5	0	0	0	0	
5	0	0	0	5	0	
Funkcja oceny: 245
 indexu = 3
Osobnik nr 2
 \	1.	2.	3.	4.	5.	6.	7.	8.	9.	10.	11.	12.	13.	14.	15.	16.	17.	18.	19.	20.	
1.	5	0	15	9	1	16	14	7	12	4	2	13	8	3	17	18	10	19	11	6		190+
2.	18	5	16	7	14	0	8	4	13	17	12	6	9	1	15	2	3	11	19	10		190+
3.	8	18	4	12	1	11	5	6	2	0	10	14	13	7	16	3	17	15	9	19		190+
4.	5	0	15	9	1	16	14	7	12	4	2	13	8	3	17	18	10	19	11	6		190+
5.	11	15	16	9	18	12	10	7	3	19	2	6	14	5	1	13	0	8	17	4		190+
6.	18	10	17	1	0	15	5	9	19	13	6	16	12	11	8	7	14	4	3	2		190+
7.	11	15	16	9	18	12	10	7	3	19	2	6	14	5	1	13	0	8	17	4		190+
8.	18	5	16	7	14	0	8	4	13	17	12	6	9	1	15	2	3	11	19	10		190+
9.	18	5	16	7	14	0	8	4	13	17	12	6	9	1	15	2	3	11	19	10		190+
10.	11	15	16	9	18	12	10	7	3	19	2	6	14	5	1	13	0	8	17	4		190+
																						=1900
	123+	88+	147+	79+	99+	94+	92+	62+	93+	129+	62+	92+	110+	42+	106+	91+	60+	114+	142+	75	=1900

Tablica kosztów
 \	5	15	15	10	5	
15	10	0	20	11	7	
25	12	7	9	20	2	
5	0	14	16	18	5	
5	7	14	2	0	20	

Tablica przewozów
Optymalne rozwiązanie
 \	5	15	15	10	5	
15	0	15	0	0	0	
25	0	0	15	5	5	
5	5	0	0	0	0	
5	0	0	0	5	0	
Funkcja oceny: 245
 indexu = 5
Osobnik nr 3
 \	1.	2.	3.	4.	5.	6.	7.	8.	9.	10.	11.	12.	13.	14.	15.	16.	17.	18.	19.	20.	
1.	18	5	16	7	14	0	8	4	13	17	12	6	9	1	15	2	3	11	19	10		190+
2.	11	15	16	9	18	12	10	7	3	19	2	6	14	5	1	13	0	8	17	4		190+
3.	18	10	17	1	0	15	5	9	19	13	6	16	12	11	8	7	14	4	3	2		190+
4.	18	5	16	7	14	0	8	4	13	17	12	6	9	1	15	2	3	11	19	10		190+
5.	18	5	16	7	14	0	8	4	13	17	12	6	9	1	15	2	3	11	19	10		190+
6.	11	15	16	9	18	12	10	7	3	19	2	6	14	5	1	13	0	8	17	4		190+
7.	8	18	4	12	1	11	5	6	2	0	10	14	13	7	16	3	17	15	9	19		190+
8.	5	0	15	9	1	16	14	7	12	4	2	13	8	3	17	18	10	19	11	6		190+
9.	11	15	16	9	18	12	10	7	3	19	2	6	14	5	1	13	0	8	17	4		190+
10.	5	0	15	9	1	16	14	7	12	4	2	13	8	3	17	18	10	19	11	6		190+
																						=1900
	123+	88+	147+	79+	99+	94+	92+	62+	93+	129+	62+	92+	110+	42+	106+	91+	60+	114+	142+	75	=1900

Tablica kosztów
 \	5	15	15	10	5	
15	10	0	20	11	7	
25	12	7	9	20	2	
5	0	14	16	18	5	
5	7	14	2	0	20	

Tablica przewozów
Optymalne rozwiązanie
 \	5	15	15	10	5	
15	0	15	0	0	0	
25	0	0	15	5	5	
5	5	0	0	0	0	
5	0	0	0	5	0	
Funkcja oceny: 245
 indexu = 2
Osobnik nr 4
 \	1.	2.	3.	4.	5.	6.	7.	8.	9.	10.	11.	12.	13.	14.	15.	16.	17.	18.	19.	20.	
1.	11	15	16	9	18	12	10	7	3	19	2	6	14	5	1	13	0	8	17	4		190+
2.	11	15	16	9	18	12	10	7	3	19	2	6	14	5	1	13	0	8	17	4		190+
3.	18	5	16	7	14	0	8	4	13	17	12	6	9	1	15	2	3	11	19	10		190+
4.	5	0	15	9	1	16	14	7	12	4	2	13	8	3	17	18	10	19	11	6		190+
5.	5	0	15	9	1	16	14	7	12	4	2	13	8	3	17	18	10	19	11	6		190+
6.	11	15	16	9	18	12	10	7	3	19	2	6	14	5	1	13	0	8	17	4		190+
7.	18	5	16	7	14	0	8	4	13	17	12	6	9	1	15	2	3	11	19	10		190+
8.	18	5	16	7	14	0	8	4	13	17	12	6	9	1	15	2	3	11	19	10		190+
9.	8	18	4	12	1	11	5	6	2	0	10	14	13	7	16	3	17	15	9	19		190+
10.	18	10	17	1	0	15	5	9	19	13	6	16	12	11	8	7	14	4	3	2		190+
																						=1900
	123+	88+	147+	79+	99+	94+	92+	62+	93+	129+	62+	92+	110+	42+	106+	91+	60+	114+	142+	75	=1900

Tablica kosztów
 \	5	15	15	10	5	
15	10	0	20	11	7	
25	12	7	9	20	2	
5	0	14	16	18	5	
5	7	14	2	0	20	

Tablica przewozów
Optymalne rozwiązanie
 \	5	15	15	10	5	
15	0	15	0	0	0	
25	0	0	15	5	5	
5	5	0	0	0	0	
5	0	0	0	5	0	
Funkcja oceny: 245
 indexu = 9
Osobnik nr 5
 \	1.	2.	3.	4.	5.	6.	7.	8.	9.	10.	11.	12.	13.	14.	15.	16.	17.	18.	19.	20.	
1.	18	10	17	1	0	15	5	9	19	13	6	16	12	11	8	7	14	4	3	2		190+
2.	5	0	15	9	1	16	14	7	12	4	2	13	8	3	17	18	10	19	11	6		190+
3.	18	5	16	7	14	0	8	4	13	17	12	6	9	1	15	2	3	11	19	10		190+
4.	11	15	16	9	18	12	10	7	3	19	2	6	14	5	1	13	0	8	17	4		190+
5.	11	15	16	9	18	12	10	7	3	19	2	6	14	5	1	13	0	8	17	4		190+
6.	11	15	16	9	18	12	10	7	3	19	2	6	14	5	1	13	0	8	17	4		190+
7.	8	18	4	12	1	11	5	6	2	0	10	14	13	7	16	3	17	15	9	19		190+
8.	5	0	15	9	1	16	14	7	12	4	2	13	8	3	17	18	10	19	11	6		190+
9.	18	5	16	7	14	0	8	4	13	17	12	6	9	1	15	2	3	11	19	10		190+
10.	18	5	16	7	14	0	8	4	13	17	12	6	9	1	15	2	3	11	19	10		190+
																						=1900
	123+	88+	147+	79+	99+	94+	92+	62+	93+	129+	62+	92+	110+	42+	106+	91+	60+	114+	142+	75	=1900

Tablica kosztów
 \	5	15	15	10	5	
15	10	0	20	11	7	
25	12	7	9	20	2	
5	0	14	16	18	5	
5	7	14	2	0	20	

Tablica przewozów
Optymalne rozwiązanie
 \	5	15	15	10	5	
15	0	15	0	0	0	
25	0	0	15	5	5	
5	5	0	0	0	0	
5	0	0	0	5	0	
Funkcja oceny: 245
 indexu = 0
Algorytm genetyczny: 

Epoka nr 1
