Problem transportowy
Osobnik nr 1
 \	1.	2.	3.	4.	5.	6.	7.	8.	9.	10.	11.	12.	13.	14.	15.	16.	17.	18.	19.	20.	
1.	11	13	1	12	9	19	4	7	0	2	17	3	18	5	14	15	6	8	16	10		190+
2.	6	2	17	14	4	0	10	18	12	15	3	19	16	8	7	5	9	11	13	1		190+
3.	6	2	17	14	4	0	10	18	12	15	3	19	16	8	7	5	9	11	13	1		190+
4.	18	8	0	15	19	12	11	1	6	5	17	16	13	3	10	7	9	2	4	14		190+
5.	19	18	5	7	6	0	2	1	13	4	10	3	11	16	15	9	12	14	8	17		190+
6.	1	13	10	8	18	2	11	14	9	19	7	12	0	5	3	16	17	4	6	15		190+
7.	1	13	10	8	18	2	11	14	9	19	7	12	0	5	3	16	17	4	6	15		190+
8.	11	13	1	12	9	19	4	7	0	2	17	3	18	5	14	15	6	8	16	10		190+
9.	13	17	7	2	1	10	15	11	8	14	0	3	18	4	19	12	5	16	6	9		190+
10.	13	17	7	2	1	10	15	11	8	14	0	3	18	4	19	12	5	16	6	9		190+
																						=1900
	99+	116+	75+	94+	89+	74+	93+	102+	77+	109+	81+	93+	128+	63+	111+	112+	95+	94+	94+	101	=1900

Tablica kosztów
 \	5	15	15	10	5	
15	10	0	20	11	7	
25	12	7	9	20	2	
5	0	14	16	18	5	
5	7	14	2	0	20	

Tablica przewozów
Optymalne rozwiązanie
 \	5	15	15	10	5	
15	0	15	0	0	0	
25	5	0	10	5	5	
5	0	0	0	5	0	
5	0	0	5	0	0	
Funkcja oceny: 360
 indexu = 8
Osobnik nr 2
 \	1.	2.	3.	4.	5.	6.	7.	8.	9.	10.	11.	12.	13.	14.	15.	16.	17.	18.	19.	20.	
1.	6	2	17	14	4	0	10	18	12	15	3	19	16	8	7	5	9	11	13	1		190+
2.	19	18	5	7	6	0	2	1	13	4	10	3	11	16	15	9	12	14	8	17		190+
3.	18	8	0	15	19	12	11	1	6	5	17	16	13	3	10	7	9	2	4	14		190+
4.	6	2	17	14	4	0	10	18	12	15	3	19	16	8	7	5	9	11	13	1		190+
5.	1	13	10	8	18	2	11	14	9	19	7	12	0	5	3	16	17	4	6	15		190+
6.	13	17	7	2	1	10	15	11	8	14	0	3	18	4	19	12	5	16	6	9		190+
7.	13	17	7	2	1	10	15	11	8	14	0	3	18	4	19	12	5	16	6	9		190+
8.	1	13	10	8	18	2	11	14	9	19	7	12	0	5	3	16	17	4	6	15		190+
9.	11	13	1	12	9	19	4	7	0	2	17	3	18	5	14	15	6	8	16	10		190+
10.	11	13	1	12	9	19	4	7	0	2	17	3	18	5	14	15	6	8	16	10		190+
																						=1900
	99+	116+	75+	94+	89+	74+	93+	102+	77+	109+	81+	93+	128+	63+	111+	112+	95+	94+	94+	101	=1900

Tablica kosztów
 \	5	15	15	10	5	
15	10	0	20	11	7	
25	12	7	9	20	2	
5	0	14	16	18	5	
5	7	14	2	0	20	

Tablica przewozów
Optymalne rozwiązanie
 \	5	15	15	10	5	
15	0	15	0	0	0	
25	5	0	10	5	5	
5	0	0	0	5	0	
5	0	0	5	0	0	
Funkcja oceny: 360
 indexu = 6
Osobnik nr 3
 \	1.	2.	3.	4.	5.	6.	7.	8.	9.	10.	11.	12.	13.	14.	15.	16.	17.	18.	19.	20.	
1.	11	13	1	12	9	19	4	7	0	2	17	3	18	5	14	15	6	8	16	10		190+
2.	6	2	17	14	4	0	10	18	12	15	3	19	16	8	7	5	9	11	13	1		190+
3.	13	17	7	2	1	10	15	11	8	14	0	3	18	4	19	12	5	16	6	9		190+
4.	6	2	17	14	4	0	10	18	12	15	3	19	16	8	7	5	9	11	13	1		190+
5.	18	8	0	15	19	12	11	1	6	5	17	16	13	3	10	7	9	2	4	14		190+
6.	13	17	7	2	1	10	15	11	8	14	0	3	18	4	19	12	5	16	6	9		190+
7.	1	13	10	8	18	2	11	14	9	19	7	12	0	5	3	16	17	4	6	15		190+
8.	1	13	10	8	18	2	11	14	9	19	7	12	0	5	3	16	17	4	6	15		190+
9.	11	13	1	12	9	19	4	7	0	2	17	3	18	5	14	15	6	8	16	10		190+
10.	19	18	5	7	6	0	2	1	13	4	10	3	11	16	15	9	12	14	8	17		190+
																						=1900
	99+	116+	75+	94+	89+	74+	93+	102+	77+	109+	81+	93+	128+	63+	111+	112+	95+	94+	94+	101	=1900

Tablica kosztów
 \	5	15	15	10	5	
15	10	0	20	11	7	
25	12	7	9	20	2	
5	0	14	16	18	5	
5	7	14	2	0	20	

Tablica przewozów
Optymalne rozwiązanie
 \	5	15	15	10	5	
15	0	15	0	0	0	
25	5	0	10	5	5	
5	0	0	0	5	0	
5	0	0	5	0	0	
Funkcja oceny: 360
 indexu = 2
Osobnik nr 4
 \	1.	2.	3.	4.	5.	6.	7.	8.	9.	10.	11.	12.	13.	14.	15.	16.	17.	18.	19.	20.	
1.	13	17	7	2	1	10	15	11	8	14	0	3	18	4	19	12	5	16	6	9		190+
2.	6	2	17	14	4	0	10	18	12	15	3	19	16	8	7	5	9	11	13	1		190+
3.	11	13	1	12	9	19	4	7	0	2	17	3	18	5	14	15	6	8	16	10		190+
4.	13	17	7	2	1	10	15	11	8	14	0	3	18	4	19	12	5	16	6	9		190+
5.	6	2	17	14	4	0	10	18	12	15	3	19	16	8	7	5	9	11	13	1		190+
6.	19	18	5	7	6	0	2	1	13	4	10	3	11	16	15	9	12	14	8	17		190+
7.	1	13	10	8	18	2	11	14	9	19	7	12	0	5	3	16	17	4	6	15		190+
8.	11	13	1	12	9	19	4	7	0	2	17	3	18	5	14	15	6	8	16	10		190+
9.	18	8	0	15	19	12	11	1	6	5	17	16	13	3	10	7	9	2	4	14		190+
10.	1	13	10	8	18	2	11	14	9	19	7	12	0	5	3	16	17	4	6	15		190+
																						=1900
	99+	116+	75+	94+	89+	74+	93+	102+	77+	109+	81+	93+	128+	63+	111+	112+	95+	94+	94+	101	=1900

Tablica kosztów
 \	5	15	15	10	5	
15	10	0	20	11	7	
25	12	7	9	20	2	
5	0	14	16	18	5	
5	7	14	2	0	20	

Tablica przewozów
Optymalne rozwiązanie
 \	5	15	15	10	5	
15	0	15	0	0	0	
25	5	0	10	5	5	
5	0	0	0	5	0	
5	0	0	5	0	0	
Funkcja oceny: 360
 indexu = 3
Osobnik nr 5
 \	1.	2.	3.	4.	5.	6.	7.	8.	9.	10.	11.	12.	13.	14.	15.	16.	17.	18.	19.	20.	
1.	6	2	17	14	4	0	10	18	12	15	3	19	16	8	7	5	9	11	13	1		190+
2.	11	13	1	12	9	19	4	7	0	2	17	3	18	5	14	15	6	8	16	10		190+
3.	13	17	7	2	1	10	15	11	8	14	0	3	18	4	19	12	5	16	6	9		190+
4.	13	17	7	2	1	10	15	11	8	14	0	3	18	4	19	12	5	16	6	9		190+
5.	11	13	1	12	9	19	4	7	0	2	17	3	18	5	14	15	6	8	16	10		190+
6.	1	13	10	8	18	2	11	14	9	19	7	12	0	5	3	16	17	4	6	15		190+
7.	19	18	5	7	6	0	2	1	13	4	10	3	11	16	15	9	12	14	8	17		190+
8.	6	2	17	14	4	0	10	18	12	15	3	19	16	8	7	5	9	11	13	1		190+
9.	1	13	10	8	18	2	11	14	9	19	7	12	0	5	3	16	17	4	6	15		190+
10.	18	8	0	15	19	12	11	1	6	5	17	16	13	3	10	7	9	2	4	14		190+
																						=1900
	99+	116+	75+	94+	89+	74+	93+	102+	77+	109+	81+	93+	128+	63+	111+	112+	95+	94+	94+	101	=1900

Tablica kosztów
 \	5	15	15	10	5	
15	10	0	20	11	7	
25	12	7	9	20	2	
5	0	14	16	18	5	
5	7	14	2	0	20	

Tablica przewozów
Optymalne rozwiązanie
 \	5	15	15	10	5	
15	0	15	0	0	0	
25	5	0	10	5	5	
5	0	0	0	5	0	
5	0	0	5	0	0	
Funkcja oceny: 360
 indexu = 3
Algorytm genetyczny: 

