Epoka nr 1
MUTACJA dla osobnika nr 2
 \	1.	2.	3.	4.	5.	6.	7.	8.	9.	10.	11.	12.	13.	14.	15.	16.	17.	18.	19.	20.	
1.	48	14	12	0	45	36	0	30	4	0	0	0	0	0	0	0	0	0	0	1		190+
2.	40	0	0	33	0	0	20	13	3	0	64	0	0	0	0	0	0	0	0	17		190+
3.	0	0	62	0	5	0	0	0	0	1	0	0	0	0	19	0	89	0	0	14		190+
4.	0	5	0	0	0	0	0	0	0	0	0	5	65	0	0	0	0	36	78	1		190+
5.	0	0	0	49	0	0	18	12	0	0	0	62	9	0	9	16	0	0	0	15		190+
6.	0	0	0	0	21	0	47	0	0	80	0	0	33	0	0	0	0	0	0	9		190+
7.	0	75	0	0	9	3	0	0	70	24	0	0	0	0	0	0	0	0	0	9		190+
8.	0	4	0	0	0	0	4	40	0	2	0	23	3	0	69	30	0	0	0	15		190+
9.	0	5	0	0	0	16	0	0	0	0	0	0	0	58	0	51	0	50	0	10		190+
10.	11	13	1	12	9	19	4	7	0	2	17	3	18	5	14	15	6	8	16	10		190+
																						=1900
	99+	116+	75+	94+	89+	74+	93+	102+	77+	109+	81+	93+	128+	63+	111+	112+	95+	94+	94+	101	=1900
Wylosowano kolumny {4, 5, 13, 15, 17}
Wylosowano wiersze {2, 3, 4, 7}
Podmacierz W wylosowanych punktów
 \	4.	5.	13.	15.	17.	
2.	33	0	0	0	0	
3.	0	5	0	19	89	
4.	0	0	65	0	0	
7.	0	9	0	0	0	
Zauważmy, że sourw[1] = 33, sourw[2] = 113, sourw[3] = 65, sourw[4] = 9, destw[1] = 33, destw[2] = 14, destw[3] = 65, destw[4] = 19, destw[5] = 89
										
Po ponownej inicjalizacji macierzy W może ona przyjąć nastepującą postać
 \	4.	5.	13.	15.	17.	
2.	33	0	0	0	0	
3.	0	0	24	0	89	
4.	0	14	32	19	0	
7.	0	0	9	0	0	

Populacja nr 2 po wykonaniu mutacji
 \	1.	2.	3.	4.	5.	6.	7.	8.	9.	10.	11.	12.	13.	14.	15.	16.	17.	18.	19.	20.	
1.	48	14	12	0	45	36	0	30	4	0	0	0	0	0	0	0	0	0	0	1	190
2.	40	0	0	33	0	0	20	13	3	0	64	0	0	0	0	0	0	0	0	17	190
3.	0	0	62	0	0	0	0	0	0	1	0	0	24	0	0	0	89	0	0	14	190
4.	0	5	0	0	14	0	0	0	0	0	0	5	32	0	19	0	0	36	78	1	190
5.	0	0	0	49	0	0	18	12	0	0	0	62	9	0	9	16	0	0	0	15	190
6.	0	0	0	0	21	0	47	0	0	80	0	0	33	0	0	0	0	0	0	9	190
7.	0	75	0	0	0	3	0	0	70	24	0	0	9	0	0	0	0	0	0	9	190
8.	0	4	0	0	0	0	4	40	0	2	0	23	3	0	69	30	0	0	0	15	190
9.	0	5	0	0	0	16	0	0	0	0	0	0	0	58	0	51	0	50	0	10	190
10.	11	13	1	12	9	19	4	7	0	2	17	3	18	5	14	15	6	8	16	10	190
																					=1900
99	116	75	94	89	74	93	102	77	109	81	93	128	63	111	112	95	94	94	101	=1900

KRZYŻOWANIE dla osobnika 3ego z 1im
				OSOBNIK NR3 - V1 											OSOBNIK NR1 - V2
 \	1.	2.	3.	4.	5.	6.	7.	8.	9.	10.	11.	12.	13.	14.	15.	16.	17.	18.	19.	20.			 \	1.	2.	3.	4.	5.	6.	7.	8.	9.	10.	11.	12.	13.	14.	15.	16.	17.	18.	19.	20.	
1.	0	62	0	49	0	0	24	0	0	0	0	0	45	0	0	0	0	0	0	10			1.	64	43	18	0	6	0	38	0	0	0	0	0	0	0	0	0	11	0	0	10	
2.	39	0	0	0	0	29	35	0	21	56	0	8	0	0	0	0	0	0	1	1			2.	0	0	0	0	76	17	40	0	0	7	0	0	0	0	0	0	44	0	5	1	
3.	10	36	41	0	0	0	18	76	0	0	0	0	0	0	0	0	0	0	0	9			3.	0	0	0	0	0	0	0	47	30	44	0	0	0	0	0	13	15	40	0	1	
4.	31	0	0	0	37	45	14	13	0	49	0	0	0	0	0	0	0	0	0	1			4.	10	0	0	49	6	0	0	13	33	15	0	0	40	0	10	0	0	0	0	14	
5.	0	0	28	38	46	0	0	0	18	0	0	37	0	0	9	0	0	0	0	14			5.	12	0	0	0	0	0	0	31	0	0	0	0	0	0	62	32	0	0	36	17	
6.	0	0	1	0	0	0	0	12	25	0	71	16	52	4	0	0	0	0	0	9			6.	0	0	0	0	0	26	0	0	0	0	0	0	70	59	20	0	0	0	0	15	
7.	0	0	0	0	0	0	0	0	0	0	0	29	0	6	0	72	0	68	0	15			7.	0	56	0	0	0	0	0	0	6	0	33	35	0	0	0	0	20	25	0	15	
8.	0	0	0	0	0	0	0	0	0	0	0	0	20	37	58	31	0	4	25	15			8.	0	0	0	43	0	21	0	0	0	0	48	0	0	0	0	55	0	13	0	10	
9.	0	0	0	0	0	0	0	0	0	0	0	0	0	0	29	0	83	8	60	10			9.	0	0	50	0	0	0	0	0	0	29	0	55	0	0	0	0	0	0	47	9	
10.	19	18	5	7	6	0	2	1	13	4	10	3	11	16	15	9	12	14	8	17			10.	13	17	7	2	1	10	15	11	8	14	0	3	18	4	19	12	5	16	6	9	

				OSOBNIK NR3 - DIV 											OSOBNIK NR1 - REM
 \	1.	2.	3.	4.	5.	6.	7.	8.	9.	10.	11.	12.	13.	14.	15.	16.	17.	18.	19.	20.			 \	1.	2.	3.	4.	5.	6.	7.	8.	9.	10.	11.	12.	13.	14.	15.	16.	17.	18.	19.	20.	
1.	32	52	9	24	3	0	31	0	0	0	0	0	22	0	0	0	5	0	0	10			1.	0	1	0	1	0	0	0	0	0	0	0	0	1	0	0	0	1	0	0	0	4
2.	19	0	0	0	38	23	37	0	10	31	0	4	0	0	0	0	22	0	3	1			2.	1	0	0	0	0	0	1	0	1	1	0	0	0	0	0	0	0	0	0	0	4
3.	5	18	20	0	0	0	9	61	15	22	0	0	0	0	0	6	7	20	0	5			3.	0	0	1	0	0	0	0	1	0	0	0	0	0	0	0	1	1	0	0	0	4
4.	20	0	0	24	21	22	7	13	16	32	0	0	20	0	5	0	0	0	0	7			4.	1	0	0	1	1	1	0	0	1	0	0	0	0	0	0	0	0	0	0	1	6
5.	6	0	14	19	23	0	0	15	9	0	0	18	0	0	35	16	0	0	18	15			5.	0	0	0	0	0	0	0	1	0	0	0	1	0	0	1	0	0	0	0	1	4
6.	0	0	0	0	0	13	0	6	12	0	35	8	61	31	10	0	0	0	0	12			6.	0	0	1	0	0	0	0	0	1	0	1	0	0	1	0	0	0	0	0	0	4
7.	0	28	0	0	0	0	0	0	3	0	16	32	0	3	0	36	10	46	0	15			7.	0	0	0	0	0	0	0	0	0	0	1	0	0	0	0	0	0	1	0	0	2
8.	0	0	0	21	0	10	0	0	0	0	24	0	10	18	29	43	0	8	12	12			8.	0	0	0	1	0	1	0	0	0	0	0	0	0	1	0	0	0	1	1	1	6
9.	0	0	25	0	0	0	0	0	0	14	0	27	0	0	14	0	41	4	53	9			9.	0	0	0	0	0	0	0	0	0	1	0	1	0	0	1	0	1	0	1	1	6
10.	16	17	6	4	3	5	8	6	10	9	5	3	14	10	17	10	8	15	7	13			10.	0	1	0	1	1	0	1	0	1	0	0	0	1	0	0	1	1	0	0	0	8
																								2	2	2	4	2	2	2	2	4	2	2	2	2	2	2	2	4	2	2	4

				OSOBNIK NR3 - REM1 											OSOBNIK NR1 - REM2
 \	1.	2.	3.	4.	5.	6.	7.	8.	9.	10.	11.	12.	13.	14.	15.	16.	17.	18.	19.	20.			 \	1.	2.	3.	4.	5.	6.	7.	8.	9.	10.	11.	12.	13.	14.	15.	16.	17.	18.	19.	20.	
1.	0	1	0	1	0	0	0	0	0	0	0	0	0	0	0	0	0	0	0	0	2		1.	0	0	0	0	0	0	0	0	0	0	0	0	1	0	0	0	1	0	0	0	2
2.	1	0	0	0	0	0	1	0	0	0	0	0	0	0	0	0	0	0	0	0	2		2.	0	0	0	0	0	0	0	0	1	1	0	0	0	0	0	0	0	0	0	0	2
3.	0	0	1	0	0	0	0	1	0	0	0	0	0	0	0	0	0	0	0	0	2		3.	0	0	0	0	0	0	0	0	0	0	0	0	0	0	0	1	1	0	0	0	2
4.	0	0	0	1	1	1	0	0	0	0	0	0	0	0	0	0	0	0	0	0	3		4.	1	0	0	0	0	0	0	0	1	0	0	0	0	0	0	0	0	0	0	1	3
5.	0	0	0	0	0	0	0	0	0	0	0	1	0	0	1	0	0	0	0	0	2		5.	0	0	0	0	0	0	0	1	0	0	0	0	0	0	0	0	0	0	0	1	2
6.	0	0	0	0	0	0	0	0	1	0	1	0	0	0	0	0	0	0	0	0	2		6.	0	0	1	0	0	0	0	0	0	0	0	0	0	1	0	0	0	0	0	0	2
7.	0	0	0	0	0	0	0	0	0	0	0	0	0	0	0	0	0	1	0	0	1		7.	0	0	0	0	0	0	0	0	0	0	1	0	0	0	0	0	0	0	0	0	1
8.	0	0	0	0	0	0	0	0	0	0	0	0	0	1	0	0	0	0	1	1	3		8.	0	0	0	1	0	1	0	0	0	0	0	0	0	0	0	0	0	1	0	0	3
9.	0	0	0	0	0	0	0	0	0	1	0	0	0	0	0	0	1	0	0	1	3		9.	0	0	0	0	0	0	0	0	0	0	0	1	0	0	1	0	0	0	1	0	3
10.	0	0	0	0	0	0	0	0	1	0	0	0	1	0	0	1	1	0	0	0	4		10.	0	1	0	1	1	0	1	0	0	0	0	0	0	0	0	0	0	0	0	0	4
	1	1	1	2	1	1	1	1	2	1	1	1	1	1	1	1	2	1	1	2			 	1	1	1	2	1	1	1	1	2	1	1	1	1	1	1	1	2	1	1	2	

				OSOBNIK NR3 - V3 											OSOBNIK NR1 - V4
 \	1.	2.	3.	4.	5.	6.	7.	8.	9.	10.	11.	12.	13.	14.	15.	16.	17.	18.	19.	20.			 \	1.	2.	3.	4.	5.	6.	7.	8.	9.	10.	11.	12.	13.	14.	15.	16.	17.	18.	19.	20.	
1.	32	53	9	25	3	0	31	0	0	0	0	0	22	0	0	0	5	0	0	10			1.	32	52	9	24	3	0	31	0	0	0	0	0	23	0	0	0	6	0	0	10	
2.	20	0	0	0	38	23	38	0	10	31	0	4	0	0	0	0	22	0	3	1			2.	19	0	0	0	38	23	37	0	11	32	0	4	0	0	0	0	22	0	3	1	
3.	5	18	21	0	0	0	9	62	15	22	0	0	0	0	0	6	7	20	0	5			3.	5	18	20	0	0	0	9	61	15	22	0	0	0	0	0	7	8	20	0	5	
4.	20	0	0	25	22	23	7	13	16	32	0	0	20	0	5	0	0	0	0	7			4.	21	0	0	24	21	22	7	13	17	32	0	0	20	0	5	0	0	0	0	8	
5.	6	0	14	19	23	0	0	15	9	0	0	19	0	0	36	16	0	0	18	15			5.	6	0	14	19	23	0	0	16	9	0	0	18	0	0	35	16	0	0	18	16	
6.	0	0	0	0	0	13	0	6	13	0	36	8	61	31	10	0	0	0	0	12			6.	0	0	1	0	0	13	0	6	12	0	35	8	61	32	10	0	0	0	0	12	
7.	0	28	0	0	0	0	0	0	3	0	16	32	0	3	0	36	10	47	0	15			7.	0	28	0	0	0	0	0	0	3	0	17	32	0	3	0	36	10	46	0	15	
8.	0	0	0	21	0	10	0	0	0	0	24	0	10	19	29	43	0	8	13	13			8.	0	0	0	22	0	11	0	0	0	0	24	0	10	18	29	43	0	9	12	12	
9.	0	0	25	0	0	0	0	0	0	15	0	27	0	0	14	0	42	4	53	10			9.	0	0	25	0	0	0	0	0	0	14	0	28	0	0	15	0	41	4	54	9	
10.	16	17	6	4	3	5	8	6	11	9	5	3	15	10	17	11	9	15	7	13			10.	16	18	6	5	4	5	9	6	10	9	5	3	14	10	17	10	8	15	7	13	
	
Plik z wynikami znajduje się w: C:\Users\Patryk\Desktop\algorytm-genetyczny-problem-transportowy\4x5-pkt-nadania-pkt-odbioru\epokanr_2.txt
